MutationType	SBS96A	SBS96B	SBS96C	SBS96D	SBS96E	SBS96F	SBS96G	SBS96H
A[C>A]A	1.58E-05	6.37E-04	1.27E-04	0.00E+00	2.42E-03	4.47E-03	3.38E-03	2.46E-03
A[C>A]C	2.71E-04	5.58E-04	3.61E-04	2.70E-04	2.95E-03	6.75E-03	3.06E-03	3.91E-03
A[C>A]G	3.95E-05	2.67E-04	5.23E-05	8.71E-06	1.12E-03	2.08E-03	1.44E-03	1.21E-03
A[C>A]T	6.22E-04	1.71E-04	1.68E-03	1.40E-46	1.22E-03	2.85E-03	1.08E-03	1.55E-03
A[C>G]A	1.03E-04	2.37E-04	1.02E-04	1.11E-04	4.06E-04	1.78E-03	1.48E-03	1.27E-03
A[C>G]C	1.03E-04	4.25E-04	7.86E-05	1.19E-04	2.49E-04	6.61E-04	1.53E-03	2.01E-03
A[C>G]G	8.33E-05	8.68E-05	2.28E-05	0.00E+00	3.82E-04	8.72E-04	6.77E-04	6.35E-04
A[C>G]T	2.47E-04	1.88E-04	4.32E-05	5.83E-05	5.26E-04	7.47E-04	6.59E-04	1.05E-03
A[C>T]A	2.93E-03	1.16E-03	2.31E-04	3.63E-04	3.10E-03	8.35E-04	6.63E-03	2.01E-03
A[C>T]C	1.67E-03	1.28E-03	6.26E-04	3.99E-04	1.65E-03	1.95E-03	3.33E-03	2.20E-03
A[C>T]G	1.41E-02	7.85E-03	1.53E-03	1.93E-03	1.17E-02	1.46E-02	7.48E-03	5.99E-03
A[C>T]T	1.15E-03	7.61E-04	5.76E-04	4.67E-04	1.46E-03	4.59E-03	5.05E-03	1.82E-03
A[T>A]A	1.14E-04	1.17E-04	7.88E-05	6.08E-05	1.99E-04	1.72E-05	9.94E-04	1.40E-03
A[T>A]C	6.94E-04	1.53E-04	8.37E-05	1.28E-04	1.10E-03	3.00E-04	2.40E-03	1.52E-03
A[T>A]G	1.06E-04	4.10E-05	7.04E-05	6.58E-05	4.84E-04	3.92E-04	1.02E-03	1.18E-03
A[T>A]T	6.35E-04	3.35E-04	2.73E-04	1.64E-04	7.38E-04	8.14E-04	1.74E-03	8.75E-04
A[T>C]A	1.33E-03	4.48E-04	6.26E-04	6.05E-04	2.34E-03	7.67E-04	1.24E-03	5.87E-04
A[T>C]C	1.16E-03	5.11E-04	7.63E-04	6.91E-04	2.11E-03	4.60E-04	1.22E-03	7.55E-04
A[T>C]G	2.92E-03	3.73E-04	3.70E-04	2.58E-04	5.47E-03	1.34E-03	1.04E-03	1.10E-03
A[T>C]T	4.11E-04	1.02E-03	4.19E-04	3.89E-04	1.04E-03	1.54E-03	3.23E-03	2.11E-03
A[T>G]A	2.50E-05	1.77E-04	2.61E-04	2.87E-04	1.12E-04	3.72E-04	5.30E-04	7.23E-04
A[T>G]C	1.64E-04	9.24E-05	2.84E-04	1.21E-04	5.95E-04	4.70E-04	2.97E-04	5.81E-04
A[T>G]G	9.03E-05	1.88E-04	1.41E-04	7.19E-05	1.18E-04	5.79E-04	8.20E-04	6.71E-04
A[T>G]T	6.30E-05	7.04E-05	8.91E-04	7.75E-04	3.32E-04	1.93E-03	8.83E-04	1.03E-03
C[C>A]A	1.32E-03	1.27E-03	4.31E-04	5.41E-04	2.53E-03	5.18E-03	3.79E-03	2.67E-03
C[C>A]C	2.04E-03	5.88E-04	1.73E-04	4.07E-04	2.48E-03	3.82E-03	2.48E-03	3.66E-03
C[C>A]G	8.09E-04	3.36E-04	9.34E-05	0.00E+00	1.30E-03	5.06E-04	7.14E-04	4.93E-04
C[C>A]T	8.18E-03	8.50E-04	2.51E-03	4.33E-04	8.93E-03	9.39E-03	0.00E+00	0.00E+00
C[C>G]A	0.00E+00	4.91E-05	0.00E+00	3.41E-05	8.29E-04	1.81E-03	1.93E-03	1.96E-03
C[C>G]C	4.36E-05	3.29E-04	8.04E-06	5.36E-05	8.14E-04	1.44E-03	6.60E-04	1.86E-03
C[C>G]G	2.58E-05	1.05E-04	2.57E-05	0.00E+00	3.16E-04	9.80E-04	7.09E-04	6.73E-04
C[C>G]T	6.37E-05	1.67E-04	2.81E-05	6.61E-05	1.22E-03	1.70E-03	1.40E-03	2.31E-03
C[C>T]A	1.78E-03	1.28E-03	2.15E-04	2.88E-04	1.52E-03	1.32E-03	6.41E-03	2.53E-03
C[C>T]C	2.08E-03	1.65E-03	4.57E-04	4.82E-04	1.60E-03	2.84E-03	9.27E-03	3.22E-03
C[C>T]G	1.37E-02	5.90E-03	8.48E-04	1.68E-03	1.31E-02	1.04E-02	1.16E-02	9.48E-03
C[C>T]T	1.34E-03	1.06E-03	3.89E-04	6.81E-04	1.61E-03	5.47E-03	4.10E-03	2.55E-03
C[T>A]A	6.14E-05	7.25E-05	4.31E-05	4.24E-05	2.47E-04	7.82E-04	1.18E-03	1.53E-03
C[T>A]C	3.88E-04	3.47E-04	3.86E-05	1.15E-04	5.09E-04	2.81E-04	1.02E-03	1.23E-03
C[T>A]G	2.68E-04	2.95E-04	9.47E-05	3.72E-05	4.43E-04	2.47E-03	2.25E-03	3.02E-03
C[T>A]T	3.50E-04	9.85E-05	1.65E-04	0.00E+00	4.82E-04	1.53E-03	1.62E-03	3.64E-03
C[T>C]A	1.12E-03	3.39E-04	4.59E-05	1.55E-04	2.57E-03	1.53E-04	1.06E-03	1.13E-03
C[T>C]C	1.32E-03	4.81E-04	4.45E-04	3.57E-04	2.76E-03	2.22E-03	1.34E-03	1.81E-03
C[T>C]G	4.49E-03	1.21E-03	4.50E-04	0.00E+00	9.84E-03	5.08E-04	7.23E-04	2.74E-04
C[T>C]T	1.12E-03	3.83E-04	1.05E-04	2.94E-04	2.44E-03	1.26E-03	2.58E-03	2.62E-03
C[T>G]A	3.81E-05	5.97E-05	3.13E-04	2.86E-04	1.37E-04	4.86E-04	4.31E-04	6.10E-04
C[T>G]C	5.70E-04	4.37E-04	1.71E-04	1.99E-04	1.34E-03	2.50E-04	9.34E-04	1.07E-03
C[T>G]G	7.34E-04	2.79E-04	4.77E-04	2.62E-04	8.43E-04	2.79E-04	4.84E-04	9.26E-04
C[T>G]T	8.10E-04	1.22E-04	1.94E-03	1.24E-03	1.80E-03	4.55E-03	2.42E-03	5.07E-03
G[C>A]A	6.20E-04	3.79E-03	1.62E-04	1.95E-04	8.17E-03	1.11E-02	9.54E-03	2.89E-03
G[C>A]C	6.83E-04	6.18E-04	4.73E-04	3.92E-04	1.52E-03	4.55E-03	3.54E-03	4.62E-03
G[C>A]G	3.45E-04	5.70E-04	6.69E-05	1.07E-04	1.98E-03	2.14E-03	2.11E-03	1.84E-03
G[C>A]T	2.72E-03	1.47E-03	2.63E-03	9.88E-04	2.77E-03	7.76E-03	4.09E-03	2.84E-03
G[C>G]A	7.52E-05	2.35E-04	7.36E-05	4.92E-05	3.01E-04	1.15E-03	1.58E-03	8.57E-04
G[C>G]C	4.24E-04	3.70E-04	1.21E-04	1.84E-04	6.37E-04	6.31E-04	6.57E-04	1.14E-03
G[C>G]G	7.18E-05	1.45E-04	0.00E+00	0.00E+00	3.18E-04	2.12E-04	3.57E-04	6.14E-04
G[C>G]T	1.82E-04	2.94E-04	5.60E-05	1.11E-04	6.41E-04	1.14E-03	1.22E-03	1.60E-03
G[C>T]A	5.44E-03	2.39E-03	5.29E-04	5.94E-04	6.22E-03	7.93E-04	3.40E-03	2.06E-03
G[C>T]C	8.74E-03	2.83E-03	2.09E-03	1.44E-03	6.46E-03	6.43E-03	4.25E-03	1.42E-03
G[C>T]G	1.29E-02	1.02E-02	4.51E-03	3.53E-03	6.98E-03	1.91E-02	5.58E-03	8.47E-03
G[C>T]T	5.56E-03	1.59E-03	2.10E-03	1.67E-03	5.56E-03	5.44E-03	8.57E-04	1.81E-03
G[T>A]A	1.69E-04	1.25E-05	2.40E-05	3.72E-05	2.89E-04	1.43E-04	8.79E-04	9.73E-04
G[T>A]C	4.64E-04	0.00E+00	0.00E+00	5.33E-05	6.20E-04	4.14E-04	2.70E-03	1.55E-03
G[T>A]G	3.14E-04	1.15E-04	0.00E+00	0.00E+00	7.23E-04	5.81E-05	1.52E-03	1.78E-03
G[T>A]T	2.45E-04	3.20E-05	1.31E-04	3.93E-05	3.54E-04	3.03E-04	1.35E-03	1.13E-03
G[T>C]A	3.30E-03	0.00E+00	1.05E-03	1.16E-03	8.15E-03	1.40E-03	1.56E-40	9.79E-05
G[T>C]C	2.21E-03	0.00E+00	1.78E-03	1.33E-03	4.33E-03	4.51E-03	8.64E-04	4.11E-04
G[T>C]G	3.22E-03	0.00E+00	6.18E-04	7.84E-04	8.08E-03	1.01E-03	0.00E+00	0.00E+00
G[T>C]T	1.37E-03	2.00E-04	1.32E-03	1.04E-03	3.71E-03	1.52E-03	6.55E-04	7.66E-04
G[T>G]A	3.14E-05	3.15E-05	8.54E-05	1.74E-04	1.93E-04	3.96E-04	4.27E-04	6.25E-04
G[T>G]C	1.43E-04	5.35E-05	3.69E-04	6.23E-04	3.76E-04	4.31E-04	4.86E-04	4.32E-04
G[T>G]G	1.50E-04	1.50E-04	2.60E-04	2.80E-04	5.74E-04	7.02E-04	6.77E-04	2.06E-03
G[T>G]T	3.40E-04	0.00E+00	6.95E-04	6.86E-04	1.06E-03	2.76E-03	1.49E-03	1.75E-03
T[C>A]A	1.25E-04	1.90E-03	4.06E-03	1.10E-03	3.76E-03	6.95E-03	4.45E-03	3.29E-03
T[C>A]C	4.31E-04	7.77E-04	7.36E-04	2.89E-04	3.29E-03	2.62E-03	2.63E-03	2.33E-03
T[C>A]G	1.54E-04	9.23E-04	2.73E-04	1.55E-04	9.16E-04	2.65E-03	2.20E-03	8.14E-04
T[C>A]T	1.50E-03	6.95E-08	1.61E-02	3.84E-07	3.64E-08	4.54E-02	1.52E-07	4.28E-46
T[C>G]A	2.33E-05	6.19E-04	2.66E-06	7.22E-05	1.38E-03	3.17E-03	1.98E-03	3.49E-03
T[C>G]C	6.74E-05	2.42E-04	0.00E+00	0.00E+00	4.60E-04	1.13E-03	1.15E-03	2.12E-03
T[C>G]G	7.35E-06	1.77E-04	1.13E-05	0.00E+00	4.54E-04	4.50E-04	7.04E-04	8.52E-04
T[C>G]T	5.31E-05	1.17E-08	0.00E+00	0.00E+00	4.81E-05	1.68E-03	4.01E-03	7.04E-03
T[C>T]A	1.40E-03	1.23E-03	3.60E-04	4.76E-04	1.08E-03	1.57E-03	5.97E-03	3.75E-03
T[C>T]C	1.63E-03	2.68E-04	1.37E-03	1.82E-03	9.93E-04	2.31E-03	9.75E-03	4.03E-03
T[C>T]G	5.61E-03	5.42E-03	8.52E-03	5.39E-03	4.93E-03	2.19E-02	7.19E-03	4.28E-46
T[C>T]T	7.44E-04	4.34E-04	1.75E-03	1.35E-03	5.61E-46	3.00E-03	6.96E-03	2.46E-03
T[T>A]A	1.16E-04	3.91E-05	6.88E-05	1.73E-05	1.12E-04	2.91E-04	8.25E-04	1.80E-03
T[T>A]C	1.25E-04	7.98E-05	1.33E-04	8.19E-05	1.41E-04	2.19E-04	1.73E-03	1.42E-03
T[T>A]G	5.60E-05	2.16E-04	9.44E-05	7.73E-05	2.05E-04	7.13E-04	8.97E-04	1.26E-03
T[T>A]T	2.79E-05	2.99E-05	4.06E-04	3.31E-04	1.07E-04	5.30E-04	1.15E-03	1.89E-03
T[T>C]A	5.02E-04	3.04E-04	4.57E-04	2.73E-04	8.75E-04	1.49E-03	1.64E-03	1.25E-03
T[T>C]C	1.04E-03	2.11E-04	5.87E-04	7.36E-04	1.77E-03	2.15E-03	6.54E-04	1.14E-03
T[T>C]G	9.20E-04	4.39E-04	4.62E-04	5.34E-04	2.03E-03	1.03E-03	2.81E-04	6.68E-04
T[T>C]T	6.06E-04	5.20E-04	4.35E-04	3.14E-04	9.70E-04	8.97E-04	1.97E-03	2.21E-03
T[T>G]A	0.00E+00	1.02E-04	6.81E-04	6.06E-04	2.12E-05	9.84E-04	6.92E-04	8.86E-04
T[T>G]C	1.09E-04	1.72E-04	7.86E-04	7.30E-04	9.68E-05	5.70E-04	1.25E-03	1.22E-03
T[T>G]G	7.32E-05	1.74E-04	4.16E-04	4.54E-04	4.75E-04	8.50E-04	6.59E-04	8.70E-04
T[T>G]T	0.00E+00	4.59E-09	1.25E-02	7.86E-03	7.78E-08	5.44E-07	2.40E-08	3.69E-04
