MutationType	SBS96A	SBS96B	SBS96C	SBS96D	SBS96E	SBS96F	SBS96G	SBS96H
A[C>A]A	1.5817445819266142e-05	0.00323724813060835	0.0003823223407380283	0.0	0.002726722799707204	0.010738066397607327	0.012090285459998995	0.01581297246739268
A[C>A]C	0.0008065391390118748	0.0005576665978878736	0.0014882803079672158	0.0007216164551209659	0.0036085728235775603	0.016284311306662858	0.017170642828568818	0.022996671311557294
A[C>A]G	5.8771358453668654e-05	0.00026699725186738463	0.00010115970799233765	1.1433976578700821e-05	0.0011343248654156924	0.0034225265833811138	0.005455929955058991	0.004127742518295463
A[C>A]T	0.002914776373654604	0.0002539492212235928	0.0051847564929630606	1.4012984643248171e-46	0.002887211670167744	0.024393193516880275	0.006513518642168492	0.007584781653713435
A[C>G]A	0.0005549495472223498	0.001341934732045047	0.00033985751215368507	0.0009319223812781274	0.0005045468322350643	0.0029521926160668956	0.005549042229540646	0.006115407217293978
A[C>G]C	0.00017759000256774017	0.0009684991207905113	0.00017618348074392997	0.0008807434991467744	0.001873697276460007	0.0006609644740819931	0.003715107194148004	0.012263249978423119
A[C>G]G	0.00026201753759664826	0.0001285558464587666	5.1537153572223106e-05	0.0	0.0006488058967079269	0.0011723876232281327	0.0031797469244338574	0.0015872360104481232
A[C>G]T	0.0006617132967221551	0.00024177843006327747	6.476220733020455e-05	0.00030198154272511604	0.003742896492218506	0.0009315423223597464	0.0009303954657298164	0.022512461058795452
A[C>T]A	0.022342998115345836	0.005145696397812571	0.0004189945699181408	0.001666066309553571	0.015257973247207702	0.0010739796329289676	0.04024834744632244	0.0056592714041471485
A[C>T]C	0.02075992589816451	0.0060319248703308405	0.001710261022890336	0.004692937829531729	0.004687679407425094	0.010805687122046947	0.03160766456276178	0.012777947774156927
A[C>T]G	0.05784279538784176	0.27164495438337327	0.005570434506807942	0.024591667298227548	0.06536871008574963	0.06463090721517802	0.03266567848622799	0.07384222596883774
A[C>T]T	0.013955665333196521	0.0008506749698426574	0.0023826078802812846	0.0031856730056460947	0.0040260011504869905	0.016059063840657473	0.030744365137070417	0.0034624212887138127
A[T>A]A	0.00031539696792606267	0.000492010114248842	0.0006325631082290783	0.0001260813143744599	0.0006265814734433661	1.7156415560748427e-05	0.004838836955605075	0.0063792278058826925
A[T>A]C	0.00416415783111006	0.0002928155125118792	0.0003087193312239833	0.00035517006035661324	0.0026948766550049185	0.0005910459789447486	0.008542161074001343	0.00926361430902034
A[T>A]G	0.00026059209631057456	4.74755172937158e-05	0.00019315581885166467	0.0002415305392787559	0.0014299738249974325	0.000391991576179862	0.007329299859702587	0.0045217168517410755
A[T>A]T	0.0027039822307415307	0.001451413480390329	0.0027385973837226628	0.00048592758321319707	0.00519877967890352	0.0034939789213240145	0.011495371186174452	0.0018540063640102745
A[T>C]A	0.0016601770970737562	0.0015967731626005844	0.004094818769954145	0.007327800593338906	0.02873602043837309	0.0012968664756044745	0.003393386962125078	0.008663781266659499
A[T>C]C	0.0036998245210270396	0.0020081378946514407	0.0031181491212919354	0.00932886665686965	0.025023830030113457	0.007137178722769022	0.0038691895781084893	0.002265993325272575
A[T>C]G	0.009779162844829109	0.00045519068953581154	0.004136656364426017	0.0006470158172305673	0.06044321618974209	0.00246880187332863	0.0026748905751674103	0.0024484643654432148
A[T>C]T	0.0004109114874154329	0.0018236591139611847	0.004753379873000086	0.0013104587698762771	0.011367649352177978	0.002993353770580143	0.016163216053973882	0.006895425007678568
A[T>G]A	3.212727242498659e-05	0.00018290546868229284	0.001734891883097589	0.0009466944472350747	0.00039717329491395503	0.0005220362101681531	0.0016109105146824732	0.002846503604362738
A[T>G]C	0.00022233321105886717	9.236362529918551e-05	0.005041531333699822	0.00020803506558877415	0.0039013356436043978	0.0028344836668111385	0.0005911261738837936	0.002170431159571251
A[T>G]G	0.00014003967662574724	0.0009092191001400351	0.001208279063575901	0.00017441544696339406	0.000669090761221014	0.0024821905069984497	0.00197365244384855	0.0017692478315439076
A[T>G]T	6.302631227299571e-05	0.00015571486728731542	0.016991118155419826	0.007345162308774888	0.0013070739107206464	0.01030146675184369	0.0023313452024012805	0.002925736329052597
C[C>A]A	0.01531683634966612	0.0037743544031400233	0.002988864399958402	0.0016887134996068198	0.006457623140886426	0.013000278151594102	0.019086156180128454	0.010916015738621354
C[C>A]C	0.02827398795634508	0.0017537205654662102	0.00031752575232530945	0.0019805891177384185	0.01576603576540947	0.0089021589839831	0.00514334172476083	0.008566344156861305
C[C>A]G	0.01079940777271986	0.003081017336808145	0.0004158671474215225	0.0	0.00824804906733334	0.002187088131904602	0.003537649713689461	0.0008100683218799532
C[C>A]T	0.08785812184214592	0.0008501151576638221	0.013053871470037847	0.0004665153652354093	0.020397850077188195	0.03965528202797941	0.0	0.0
C[C>G]A	0.0	6.527749557676543e-05	0.0	0.00018083369723171928	0.0009223373184795491	0.0032990090548992157	0.004849747811022098	0.007308251853100955
C[C>G]C	6.19718930259694e-05	0.0003292069943519493	8.043596827356226e-06	0.0001793199369915399	0.0010071470878756372	0.002864309253345709	0.0008854859131929516	0.010437089926563203
C[C>G]G	3.89526758226566e-05	0.0008564885036321356	0.00011315587980789132	0.0	0.00036822594702243803	0.001841416722163558	0.0021785283944097955	0.0033833725261501967
C[C>G]T	0.00012714189797407015	0.00047455538442591204	2.807921846397221e-05	0.00043241661187494175	0.00188597048218071	0.0030000397935509683	0.0022984348680438415	0.012727198796346784
C[C>T]A	0.009036364289931953	0.004537957356660627	0.0007036933180643246	0.0038318354170769455	0.00405945711536333	0.0018644314550329	0.06248536892235279	0.009959670004900546
C[C>T]C	0.01689778338186443	0.002686444664141163	0.0007017462747171521	0.0032618682977044954	0.004067097400547936	0.004882012365851551	0.06299139298498631	0.008213087893091142
C[C>T]G	0.05746846357360482	0.24144905805587769	0.0026408836824272797	0.018859683861956	0.0665217916481197	0.0329157043248415	0.050010963017120956	0.058000607416033745
C[C>T]T	0.012306717620231212	0.002182931243441999	0.002757479506544769	0.003478014376014471	0.008194257773859001	0.015027703880332411	0.04538408257067204	0.010651355609297752
C[T>A]A	8.167954947566614e-05	0.00018509692636143883	0.00014659077781971065	0.0001498875528341159	0.0008590993624238763	0.0017062064696801826	0.002857054915511981	0.007154915854334832
C[T>A]C	0.003324684192193672	0.0007860732897825073	0.0001160442094260361	0.000489026254217606	0.0029396206606179475	0.0009438481481728933	0.003571171290241182	0.011087234690785408
C[T>A]G	0.000847550634352956	0.0007466300448868424	0.00013514718411897775	7.954452667036094e-05	0.0020604809920769184	0.004301075800321996	0.004413896496407688	0.023056635446846486
C[T>A]T	0.001453770964872092	0.0001496522386560173	0.0003511093909764895	0.0	0.0012069233343936503	0.003656543954548397	0.004612053325399756	0.024422958213835954
C[T>C]A	0.0030852967087412254	0.0003781192339616268	0.00011282827035756782	0.0009341867349576205	0.024465772649273278	0.00030089808205957524	0.0023046259768307207	0.0030671786167658865
C[T>C]C	0.00557572066099965	0.0011007327091647312	0.0008718544762814417	0.0018410756369121374	0.022654908569529654	0.010030606295913458	0.0077745448099449275	0.008969333581626415
C[T>C]G	0.010767899092752487	0.003187046617051692	0.0025626055779866875	0.0	0.08885357584804296	0.0016424914298113435	0.001489727958687581	0.00036293765297159555
C[T>C]T	0.0022388785509974696	0.0007270107366069035	0.00048326482210541143	0.0020103200804442167	0.02310432605445385	0.002628225678927265	0.010231763264164329	0.019729231577366592
C[T>G]A	3.809588961303234e-05	8.88434296939522e-05	0.0031440907856449484	0.000589642640989041	0.0014979263651184738	0.0008197292452678084	0.0009152675274776811	0.0018902082192653324
C[T>G]C	0.0027062649751314893	0.0012613138074812013	0.000698580685275374	0.002328323817346245	0.009819565154612065	0.0008086947549600154	0.002450679225148633	0.005211094586411491
C[T>G]G	0.0010809078143211082	0.0020283023244701327	0.0036071541951969268	0.003219377330970019	0.014963608235120773	0.0003891122862114571	0.0009713382663903758	0.007484903978183866
C[T>G]T	0.0025328759162221103	0.00029467969870893284	0.02155795758590102	0.008428898034617304	0.013234990835189819	0.01073344680480659	0.002415820583701134	0.032070028933230785
G[C>A]A	0.001603234326466918	0.0061189922038465735	0.00044512456661323087	0.001445017714286223	0.010898339620325714	0.02143885544501245	0.035547553282231095	0.00515531525015831
G[C>A]C	0.005129655497148633	0.0016108375297335443	0.002337068971246481	0.004479981702752411	0.008914722874760628	0.014191998564638198	0.011205966625129803	0.023228232422843574
G[C>A]G	0.0017557281942572444	0.0007093045816873201	8.817338348308113e-05	0.0007452420250046998	0.004989438905613497	0.004288757236690799	0.006146278255619109	0.006290523882489652
G[C>A]T	0.015120831923559308	0.0044992495561018584	0.006064742314629256	0.003945883200503886	0.009878254448994993	0.051946050673723224	0.007525609061121941	0.009369014156982302
G[C>G]A	0.00019812377649941482	0.0007906542559794616	0.00029058158506813927	0.00011203683679923415	0.00040254699561046434	0.002397339092567563	0.004074768209829926	0.004263460356742144
G[C>G]C	0.0030665635073091834	0.0014263516495702788	0.00018482382438378409	0.001240859110839665	0.0026089321821928025	0.0024562998325563965	0.0009500028332695365	0.014598551578819752
G[C>G]G	0.00011119231041902821	0.0003977774544182466	0.0	0.0	0.0007350539048637472	0.00028155476799618384	0.002036873932229355	0.001322008595976243
G[C>G]T	0.0010164555918890984	0.0008720637124497443	0.00011573624178708996	0.0009715247724670917	0.0007029919979686383	0.002257945594465127	0.004013063688762486	0.011603912524878978
G[C>T]A	0.06875275298953057	0.006506220613769642	0.0021891991782467812	0.006165335979312658	0.013670906983315944	0.0023842510068789124	0.02088311524130404	0.011255127482581884
G[C>T]C	0.1184098981320858	0.005210213077953085	0.013068605028092862	0.04553642310202122	0.016567692719399958	0.032678942382335666	0.007124857418239117	0.0017885646782815456
G[C>T]G	0.2163223870098591	0.2575139909982681	0.017487146356143058	0.13473818451166153	0.007001760881394148	0.0754017673432827	0.015003769469126382	0.061814793408848344
G[C>T]T	0.06729261968284846	0.0027455384475615573	0.016172903962433337	0.045225446298718455	0.020720903342589737	0.026989865582436323	0.0016710827592760324	0.010130276833660901
G[T>A]A	0.000682440622730951	1.2536233407445252e-05	0.00011890525001945207	6.676447337667923e-05	0.0015206511656288058	0.00027943513487116434	0.0019291471398901194	0.005726497469004244
G[T>A]C	0.004248615563847124	0.0	0.0	0.0001512152375653386	0.002121251239441335	0.0021260805428028108	0.0054688284930307415	0.0056150748219806704
G[T>A]G	0.0014911298116203398	0.00011489139994864672	0.0	0.0	0.00337447457422968	0.00014044844093064057	0.0034037047988022097	0.009137196073379528
G[T>A]T	0.0016896817367523908	3.5174110985281e-05	0.0002975895389681682	4.837530432268977e-05	0.0013488623712930802	0.0016316140536218882	0.005207723658531904	0.007199095329269767
G[T>C]A	0.004262010428465146	0.0	0.00791915119625628	0.023841421864926816	0.06951843053102494	0.003461345983669162	1.5616210216282194e-40	9.867876710814016e-05
G[T>C]C	0.006174808674404631	0.0	0.00803166275145486	0.041265960037708285	0.03213597033172846	0.01928447876125574	0.0008643659763038159	0.0004110570065677166
G[T>C]G	0.003236144484480974	0.0	0.006154158501885831	0.010556238703429699	0.0661708414554596	0.003420001944789419	0.0	0.0
G[T>C]T	0.002027985919266939	0.00020018056966364384	0.008899370720610023	0.03092277478426695	0.03118604626506567	0.005367517587728798	0.001134313637157902	0.002632247214205563
G[T>G]A	3.138236643280834e-05	3.149301919620484e-05	0.00016809090338938405	0.0029126844834536313	0.00019301202846691012	0.0011874420324602397	0.0007639158532043666	0.0028725375450449064
G[T>G]C	0.0004954456679115537	5.3490896243602036e-05	0.0023846419353503734	0.0034978119714651258	0.0018997569510247557	0.002721550245769322	0.0014582214556867258	0.0005169469353859313
G[T>G]G	0.00048232786066364496	0.0005618671071715653	0.0009914100883179344	0.0017573081626323984	0.001810636796290055	0.003425693418830633	0.001498651661677286	0.009401838714256882
G[T>G]T	0.0007565981402876786	0.0	0.006051284377463162	0.0017213901489839146	0.005928830767516047	0.008585802331799642	0.0018989426083862782	0.008315398776903748
T[C>A]A	0.00018671474535949528	0.002361312251741765	0.05990402586758137	0.001408709120005369	0.003884648694656789	0.014814192103222013	0.01919544000411406	0.01679289950989187
T[C>A]C	0.0026651277439668775	0.003234136535320431	0.01142395455390215	0.0003222747065592558	0.007643982535228133	0.014041586546227336	0.012527109822258353	0.027206589467823505
T[C>A]G	0.00031940408516675236	0.0014510864100884646	0.0026814679033122955	0.00017187202465720474	0.0028290918213315307	0.006505670951446519	0.012572076544165612	0.0026300894212909045
T[C>A]T	0.0036546269033749467	1.0401449337393843e-07	0.36252970695495607	4.1663601848540564e-07	3.6444612305785996e-08	0.15873312854096183	1.5177292880252936e-07	5.6051938572992686e-46
T[C>G]A	2.3253497784025966e-05	0.0009800505407383752	2.6641540898708626e-06	0.0003294907029577132	0.0013835186138749123	0.004633818566799164	0.0034032763005427567	0.020209592953324317
T[C>G]C	0.00013620045898505851	0.0004984607158206699	0.0	0.0	0.0007497126964153722	0.0016910945517709663	0.006569952046265826	0.017410457227379085
T[C>G]G	8.416715598968948e-06	0.00028851364815434265	2.657108889252413e-05	0.0	0.00048667909431969746	0.0008660020628667553	0.001504992208481326	0.005045123025774955
T[C>G]T	5.6698003733401946e-05	2.3879531063641935e-08	0.0	0.0	8.176986914065765e-05	0.0016819014255412767	0.007307541136151485	0.0524119071662426
T[C>T]A	0.006141692050732672	0.002019871724769473	0.0012464916828321293	0.009229455376043916	0.0020767865105881357	0.0035382234142161905	0.0726766187697649	0.027387572833686136
T[C>T]C	0.010843770601786673	0.0004171623819274828	0.009410374006256461	0.03794401679188013	0.0018587499973364175	0.008684886572882532	0.06617918740957976	0.012544149812310935
T[C>T]G	0.0062477386139697215	0.11925154030323029	0.16140547394752502	0.3505903959274292	0.023453220445662736	0.08342708759009838	0.016323229856789113	5.6051938572992686e-46
T[C>T]T	0.003658244712278247	0.0005050641542766243	0.021121530048549175	0.05950052738189697	5.6051938572992686e-46	0.026825339812785388	0.04886939879506826	0.003114699653815478
T[T>A]A	0.0004936382413238682	3.9107673148208734e-05	0.00040020187007030474	1.731926458887756e-05	0.00016367447844345406	0.0005689810281040763	0.0016179856572989594	0.011458339542150498
T[T>A]C	0.0004401066296850331	0.00011935888323932886	0.000539758698141668	0.00017030453553843473	0.00042269647601642644	0.0007800897647939564	0.006850238144397736	0.010851046210154891
T[T>A]G	8.932127529988065e-05	0.00024292222296935507	0.00014612561353715136	0.00018545093043940142	0.0010713118041167035	0.0018889933242462575	0.0029143290827050804	0.006340869516134262
T[T>A]T	3.173857367073651e-05	4.357719444669783e-05	0.0026798683131346477	0.0007842251481633867	0.0002039773389697075	0.003845969564281404	0.006143730576150119	0.012874090857803822
T[T>C]A	0.005891026090830564	0.0011550489289220423	0.0027087241382105277	0.004971746657975018	0.009100267849862575	0.002850679570110515	0.0036545702954754234	0.00551912592491135
T[T>C]C	0.007530629495158791	0.00034009036608040333	0.007165176095440984	0.011004609242081641	0.01207455238327384	0.009576690506219166	0.0006755954411346466	0.007675224228296429
T[T>C]G	0.007492528110742569	0.00251091843820177	0.006053171190433204	0.0019644192565465347	0.017019004526082425	0.0037349472288042305	0.00047745208139660604	0.001499979617074132
T[T>C]T	0.0035734504228457807	0.000962108708336018	0.009219033736735582	0.0006002216483466327	0.007381707266904414	0.004256855917628854	0.007052628684323281	0.004714814713224769
T[T>G]A	0.0	0.00010309460190001118	0.007266088342294097	0.0017400477014007266	3.1192331117679827e-05	0.0014685967471450567	0.0013271442436661117	0.0038081573089584707
T[T>G]C	0.00023261324458871967	0.00030875984725184933	0.006305717630311847	0.012244126107543708	0.00011158221168443561	0.0011016768343097283	0.0022033278946764767	0.005530370907342786
T[T>G]G	0.00020029943552799523	0.0006046776310540736	0.0027406126027926803	0.0012233571745127847	0.0018520560355682393	0.0010822731273947284	0.0026000356476288287	0.0055637571960687636
T[T>G]T	0.0	4.588308044617406e-09	0.10522338412702084	0.024337885899694812	7.784018407619442e-08	5.704603836420574e-07	2.401247911620885e-08	0.0004385564321523816
