Samples	SBS96A	SBS96B	SBS96C	SBS96D	SBS96E	SBS96F	SBS96G	SBS96H
TCGA-4N-A93T-01A-11D-A36X-10	0	24	0	7	14	23	13	19
TCGA-5M-AAT4-01A-11D-A40P-10	30	28	15	6	0	0	0	101
TCGA-5M-AAT5-01A-21D-A40P-10	10	30	6	0	0	0	15	14
TCGA-5M-AAT6-01A-11D-A40P-10	619	579	0	87	614	0	0	0
TCGA-5M-AATA-01A-31D-A40P-10	16	34	2	9	0	1	8	11
TCGA-5M-AATE-01A-11D-A40P-10	14	46	6	4	2	6	27	37
TCGA-A6-2671-01A-01D-1408-10	19	25	5	5	0	0	6	26
TCGA-A6-2672-01B-03D-2298-08	353	148	18	76	521	0	19	20
TCGA-A6-2675-01A-02D-1719-10	15	46	1	2	2	0	8	27
TCGA-A6-2677-01A-01D-A270-10	4	61	4	19	12	6	29	8
TCGA-A6-2677-01B-02D-A270-10	3	49	0	23	9	14	26	8
TCGA-A6-2678-01A-01D-1953-10	2	7	2	6	0	0	6	2
TCGA-A6-2679-01A-02D-1408-10	37	40	0	20	0	4	19	38
TCGA-A6-2681-01A-01D-1408-10	0	64	3	2	25	11	21	29
TCGA-A6-2682-01A-01D-1408-10	0	17	0	19	12	3	25	4
TCGA-A6-2683-01A-01D-1953-10	0	20	0	0	8	0	8	2
TCGA-A6-2684-01A-01D-A270-10	9	41	0	11	2	0	35	19
TCGA-A6-2684-01C-08D-A270-10	12	41	0	12	0	0	32	8
TCGA-A6-2685-01A-01D-1408-10	0	16	3	3	4	0	11	16
TCGA-A6-2686-01A-01D-1408-10	952	485	37	76	327	0	148	0
TCGA-A6-3807-01A-01W-0995-10	0	11	3	19	1	0	52	18
TCGA-A6-3808-01A-01W-0995-10	35	36	3	11	3	4	29	21
TCGA-A6-3810-01A-01D-A270-10	0	43	0	12	20	7	42	46
TCGA-A6-4105-01A-02D-1771-10	39	48	0	0	1	13	31	42
TCGA-A6-4107-01A-02D-1408-10	15	73	14	0	23	0	44	26
TCGA-A6-5656-01A-21D-1835-10	4	58	0	14	3	4	13	8
TCGA-A6-5656-01A-21D-A270-10	3	63	0	16	6	4	3	15
TCGA-A6-5657-01A-01D-1650-10	0	42	0	13	3	16	35	16
TCGA-A6-5659-01A-01D-1650-10	0	73	13	19	25	10	59	0
TCGA-A6-5659-01A-01D-A270-10	0	84	15	18	25	9	61	0
TCGA-A6-5659-01B-04D-A270-10	0	50	6	27	21	21	55	5
TCGA-A6-5660-01A-01D-1650-10	6	51	2	11	7	7	10	34
TCGA-A6-5661-01A-01D-1650-10	575	338	0	31	128	83	41	0
TCGA-A6-5662-01A-01D-1650-10	5	13	0	11	0	1	14	16
TCGA-A6-5664-01A-21D-1835-10	0	19	8	0	11	0	1	12
TCGA-A6-5665-01A-01D-1650-10	670	309	7	89	540	42	0	11
TCGA-A6-5666-01A-01D-1650-10	0	43	7	3	9	17	2	11
TCGA-A6-5667-01A-21D-1719-10	0	20	1	5	9	0	33	0
TCGA-A6-6138-01A-11D-1771-10	6	38	3	5	12	1	44	7
TCGA-A6-6142-01A-11D-1771-10	0	31	3	0	11	0	31	4
TCGA-A6-6649-01A-11D-1771-10	15	44	0	3	6	12	33	3
TCGA-A6-6651-01A-21D-1835-10	9	18	0	0	5	1	23	31
TCGA-A6-6652-01A-11D-1771-10	6	20	0	1	15	7	19	17
TCGA-A6-6653-01A-11D-1771-10	313	403	5	20	243	27	60	0
TCGA-A6-6654-01A-21D-1835-10	0	152	0	0	0	19	20	9
TCGA-A6-6782-01A-11D-1835-10	10	19	12	12	0	13	36	47
TCGA-A6-A567-01A-31D-A28G-10	0	24	8	5	9	0	14	3
TCGA-A6-A56B-01A-31D-A28G-10	5	47	3	10	0	0	7	25
TCGA-A6-A5ZU-01A-11D-A28G-10	22	31	0	11	0	11	7	21
TCGA-AA-3489-01A-21D-1835-10	0	15	0	4	5	35	30	10
TCGA-AA-3492-01A-01D-1408-10	997	369	19	138	398	0	0	123
TCGA-AA-3494-01A-01D-1408-10	2	33	1	0	6	2	9	38
TCGA-AA-3495-01A-01D-1408-10	7	50	1	2	0	21	24	19
TCGA-AA-3496-01A-21D-1835-10	9	42	3	7	0	8	13	15
TCGA-AA-3502-01A-01D-1408-10	9	95	0	36	1	15	26	18
TCGA-AA-3506-01A-01D-2188-10	0	94	2	14	12	12	28	7
TCGA-AA-3509-01A-01D-1408-10	1	46	0	6	1	3	18	18
TCGA-AA-3511-01A-21D-1835-10	0	16	10	15	12	0	10	51
TCGA-AA-3514-01A-02D-1953-10	0	26	2	0	2	0	1	0
TCGA-AA-3517-01A-01D-1953-10	0	7	0	0	0	0	6	2
TCGA-AA-3519-01A-02D-1953-10	8	5	0	11	0	1	1	0
TCGA-AA-3520-01A-01D-1953-10	3	14	0	0	5	3	0	3
TCGA-AA-3521-01A-01D-1953-10	1	7	3	0	1	0	0	3
TCGA-AA-3522-01A-01W-0831-10	0	9	3	2	5	0	6	0
TCGA-AA-3524-01A-02D-1953-10	0	3	0	1	1	1	7	0
TCGA-AA-3529-01A-02D-1953-10	1	13	0	0	0	0	7	0
TCGA-AA-3530-01A-01W-0995-10	0	44	0	0	7	14	19	12
TCGA-AA-3532-01A-01D-1953-10	0	2	0	3	8	1	1	3
TCGA-AA-3534-01A-01D-1953-10	1	18	0	0	4	0	6	2
TCGA-AA-3538-01A-01D-1953-10	3	4	0	0	0	0	6	3
TCGA-AA-3544-01A-01D-1953-10	7	7	0	6	0	0	5	0
TCGA-AA-3548-01A-01D-1953-10	0	15	0	3	3	0	2	0
TCGA-AA-3549-01A-02D-1953-10	3	6	0	3	6	0	0	0
TCGA-AA-3561-01A-01D-1953-10	2	11	0	0	0	0	4	0
TCGA-AA-3655-01A-02D-1719-10	30	29	0	6	1	0	13	8
TCGA-AA-3660-01A-01D-1719-10	24	36	2	18	0	8	34	1
TCGA-AA-3662-01A-01D-1719-10	0	35	8	0	10	0	30	0
TCGA-AA-3663-01A-01D-1719-10	890	0	8	15	846	108	18	0
TCGA-AA-3664-01A-01W-0900-09	0	74	3	10	24	0	48	0
TCGA-AA-3666-01A-02W-0900-09	22	3	12	9	18	0	0	123
TCGA-AA-3667-01A-01W-0900-09	22	9	0	4	0	0	14	18
TCGA-AA-3672-01A-01W-0900-09	942	166	0	94	302	49	0	113
TCGA-AA-3673-01A-01W-0900-09	2	29	0	0	5	11	4	22
TCGA-AA-3675-01A-02W-0900-09	2	53	4	3	0	0	27	11
TCGA-AA-3678-01A-01W-0900-09	0	32	2	10	2	2	5	18
TCGA-AA-3679-01A-02W-0900-09	4	25	0	0	1	0	8	36
TCGA-AA-3680-01A-01W-0900-09	0	49	3	23	7	11	13	3
TCGA-AA-3681-01A-01W-0900-09	0	52	0	7	12	9	7	39
TCGA-AA-3685-01A-02W-0900-09	0	31	3	4	3	6	19	21
TCGA-AA-3688-01A-01W-0900-09	0	20	11	0	11	0	23	10
TCGA-AA-3693-01A-01W-0900-09	0	23	0	0	14	6	52	65
TCGA-AA-3696-01A-01W-0900-09	9	31	3	0	4	16	22	6
TCGA-AA-3697-01A-01D-1719-10	4	20	0	13	6	25	23	113
TCGA-AA-3712-01A-21D-1719-10	0	0	11	6	0	18	53	71
TCGA-AA-3713-01A-21D-1719-10	528	215	1	37	42	21	0	95
TCGA-AA-3812-01A-01W-0900-09	0	32	5	17	18	0	23	23
TCGA-AA-3814-01A-01W-0900-09	3	42	0	0	6	31	16	9
TCGA-AA-3815-01A-01W-0995-10	211	173	13	41	428	0	10	2
TCGA-AA-3818-01A-01W-0900-09	5	35	0	7	3	45	25	32
TCGA-AA-3831-01A-01W-0900-09	8	27	2	19	0	12	6	31
TCGA-AA-3833-01A-01W-0900-09	301	156	9	8	111	0	23	0
TCGA-AA-3841-01A-01W-0900-09	0	26	0	0	0	13	7	29
TCGA-AA-3842-01A-01W-0995-10	0	35	3	6	17	0	40	0
TCGA-AA-3844-01A-01W-0995-10	0	9	0	3	21	13	34	48
TCGA-AA-3845-01A-01D-1981-10	371	219	15	29	250	54	28	2
TCGA-AA-3845-01A-01W-0995-10	314	153	0	37	265	97	20	0
TCGA-AA-3846-01A-01W-0995-10	2	23	0	7	2	7	25	31
TCGA-AA-3848-01A-01W-0900-09	4	64	0	8	14	2	52	14
TCGA-AA-3851-01A-01W-0995-10	0	41	2	7	20	0	6	16
TCGA-AA-3855-01A-01W-0995-10	5	50	8	0	10	0	34	38
TCGA-AA-3856-01A-01W-0900-09	0	23	0	10	0	0	19	10
TCGA-AA-3858-01A-01W-0900-09	0	30	0	7	5	2	11	7
TCGA-AA-3860-01A-02W-0900-09	0	11	1	1	15	0	17	8
TCGA-AA-3861-01A-01W-0995-10	0	59	0	2	7	25	19	9
TCGA-AA-3862-01A-01W-0995-10	11	10	7	0	4	1	0	63
TCGA-AA-3864-01A-01D-1981-10	1338	1303	13	103	122	0	0	0
TCGA-AA-3866-01A-01W-0995-10	8	46	0	12	3	6	15	32
TCGA-AA-3867-01A-01W-0995-10	0	30	7	0	7	0	24	30
TCGA-AA-3869-01A-01W-0995-10	3	24	0	18	9	1	22	2
TCGA-AA-3870-01A-01W-0995-10	13	47	0	4	8	21	19	14
TCGA-AA-3875-01A-01W-0900-09	2	44	0	17	1	13	38	14
TCGA-AA-3930-01A-01W-0995-10	14	20	6	22	1	0	101	43
TCGA-AA-3939-01A-01W-0995-10	0	42	3	13	0	0	51	10
TCGA-AA-3941-01A-01W-0995-10	7	39	3	11	4	0	19	28
TCGA-AA-3952-01A-01W-0995-10	0	24	0	0	8	10	46	4
TCGA-AA-3955-01A-02W-0995-10	0	8	7	0	10	0	18	90
TCGA-AA-3956-01A-02W-0995-10	0	34	3	12	18	0	27	38
TCGA-AA-3967-01A-01W-1073-09	9	42	0	0	4	23	48	30
TCGA-AA-3968-01A-01W-0995-10	0	32	0	5	9	26	8	47
TCGA-AA-3971-01A-01W-0995-10	0	17	0	7	7	0	30	27
TCGA-AA-3972-01A-01W-0995-10	0	29	2	9	12	2	40	0
TCGA-AA-3977-01A-01D-1981-10	323	0	2754	738	0	829	0	0
TCGA-AA-3977-01A-01W-0995-10	191	0	2315	683	0	716	0	0
TCGA-AA-3979-01A-01W-0995-10	18	16	7	12	5	0	2	90
TCGA-AA-3980-01A-02W-0995-10	0	31	0	11	3	17	14	27
TCGA-AA-3982-01A-02W-0995-10	7	22	0	21	0	9	5	61
TCGA-AA-3984-01A-02D-1981-10	140	48	2530	2774	0	76	84	0
TCGA-AA-3984-01A-02W-0995-10	96	34	2261	2322	9	89	103	0
TCGA-AA-3986-01A-02W-0995-10	2	43	4	0	3	16	17	7
TCGA-AA-3989-01A-01W-0995-10	20	36	0	1	12	18	10	18
TCGA-AA-A004-01A-01W-A00E-09	10	24	1	0	5	0	13	16
TCGA-AA-A00O-01A-02W-A00E-09	4	21	2	1	19	5	21	14
TCGA-AA-A00Z-01A-01D-A17O-10	0	4	0	0	4	0	0	3
TCGA-AA-A010-01A-01D-A17O-10	783	0	3500	1421	0	3109	0	0
TCGA-AA-A010-01A-01W-A00E-09	446	0	3380	1147	0	2922	0	0
TCGA-AA-A017-01A-01W-A00E-09	0	19	0	4	0	0	18	10
TCGA-AA-A01C-01A-01W-A00E-09	0	19	4	0	7	5	16	26
TCGA-AA-A01I-01A-02W-A00E-09	9	38	0	3	0	24	23	14
TCGA-AA-A01K-01A-01W-A00E-09	6	6	0	0	18	18	33	58
TCGA-AA-A01P-01A-21D-A17O-10	333	210	0	45	183	45	2	22
TCGA-AA-A01P-01A-21W-A096-10	137	116	0	27	165	56	34	22
TCGA-AA-A01S-01A-21W-A096-10	9	22	2	0	3	4	13	10
TCGA-AA-A01T-01A-21W-A096-10	0	23	0	2	7	11	43	10
TCGA-AA-A01V-01A-23W-A096-10	12	34	0	15	0	26	12	25
TCGA-AA-A01X-01A-21W-A096-10	0	29	3	0	10	7	13	11
TCGA-AA-A01Z-01A-11W-A096-10	0	42	3	6	11	0	22	11
TCGA-AA-A022-01A-21D-A17O-10	644	488	9	90	187	15	0	45
TCGA-AA-A022-01A-21W-A096-10	509	376	0	79	193	52	17	35
TCGA-AA-A024-01A-02W-A00E-09	6	26	0	6	4	5	11	21
TCGA-AA-A029-01A-01W-A00E-09	0	29	5	3	7	13	22	6
TCGA-AA-A02E-01A-01W-A00E-09	1	21	8	4	27	0	41	60
TCGA-AA-A02H-01A-01W-A00E-09	4	17	2	9	4	18	15	4
TCGA-AA-A02J-01A-01W-A00E-09	0	8	4	24	3	16	26	46
TCGA-AA-A02K-01A-21W-A096-10	16	28	0	9	16	10	23	37
TCGA-AA-A02O-01A-21W-A096-10	0	72	0	8	19	11	20	35
TCGA-AA-A02R-01A-01W-A00E-09	401	150	26	13	373	12	65	24
TCGA-AA-A02W-01A-01W-A00E-09	13	29	0	1	5	8	10	29
TCGA-AA-A02Y-01A-43W-A096-10	0	27	2	19	3	22	25	14
TCGA-AA-A03J-01A-21W-A096-10	0	37	6	11	20	0	26	1
TCGA-AD-6548-01A-11D-1835-10	0	50	4	3	18	0	39	15
TCGA-AD-6888-01A-11D-1924-10	15	52	1	15	5	0	3	14
TCGA-AD-6889-01A-11D-1924-10	809	268	32	26	409	0	94	0
TCGA-AD-6890-01A-11D-1924-10	1	58	0	1	0	20	12	19
TCGA-AD-6895-01A-11D-1924-10	717	271	2	160	128	0	322	136
TCGA-AD-6901-01A-11D-1924-10	18	48	2	28	22	37	37	78
TCGA-AD-6963-01A-11D-1924-10	10	17	0	2	3	0	2	41
TCGA-AD-6964-01A-11D-1924-10	763	0	12	74	558	0	216	0
TCGA-AD-6965-01A-11D-1924-10	19	48	5	6	6	7	17	25
TCGA-AD-A5EJ-01A-11D-A28G-10	679	200	0	0	354	139	66	0
TCGA-AD-A5EK-01A-11D-A28G-10	16	28	0	0	0	14	29	17
TCGA-AM-5820-01A-01D-1650-10	6	23	2	0	0	11	5	19
TCGA-AU-3779-01A-01D-1719-10	11	49	12	0	1	0	28	13
TCGA-AU-6004-01A-11D-1719-10	311	281	10	60	232	0	0	0
TCGA-AY-4071-01A-01W-1073-09	0	14	3	15	14	0	29	46
TCGA-AY-5543-01A-01D-1650-10	7	42	10	4	15	4	18	19
TCGA-AY-6197-01A-11D-1719-10	398	35	16	49	552	0	22	0
TCGA-AY-6386-01A-21D-1719-10	0	52	3	10	16	0	31	0
TCGA-AY-A54L-01A-11D-A28G-10	22	25	0	13	12	20	23	33
TCGA-AY-A69D-01A-11D-A36X-10	0	75	0	18	15	49	50	0
TCGA-AY-A71X-01A-12D-A36X-10	8	38	0	15	0	7	3	15
TCGA-AY-A8YK-01A-11D-A40P-10	23	27	0	5	4	8	2	10
TCGA-AZ-4308-01A-01D-1408-10	0	9	0	14	13	5	16	11
TCGA-AZ-4313-01A-01D-1408-10	153	942	6	15	62	0	0	0
TCGA-AZ-4315-01A-01D-1408-10	186	0	2849	3715	117	345	0	0
TCGA-AZ-4614-01A-01D-1408-10	0	29	0	5	36	13	14	94
TCGA-AZ-4615-01A-01D-1408-10	346	227	19	35	326	0	21	0
TCGA-AZ-4681-01A-01D-1408-10	2	26	1	2	5	0	14	29
TCGA-AZ-5403-01A-01D-1650-10	10	13	10	5	0	0	19	20
TCGA-AZ-5407-01A-01D-1719-10	7	39	0	0	0	19	11	26
TCGA-AZ-6598-01A-11D-1771-10	1316	409	10	137	260	0	0	43
TCGA-AZ-6599-01A-11D-1771-10	11	4	0	40	0	0	208	0
TCGA-AZ-6600-01A-11D-1771-10	0	36	0	5	7	32	16	46
TCGA-AZ-6601-01A-11D-1771-10	958	1011	23	4	287	25	74	0
TCGA-AZ-6603-01A-11D-1835-10	0	29	3	16	7	0	19	1
TCGA-AZ-6605-01A-11D-1835-10	6	19	3	21	16	0	24	15
TCGA-AZ-6606-01A-11D-1835-10	1	50	0	0	11	13	49	17
TCGA-AZ-6608-01A-11D-1835-10	7	2	3	12	10	0	0	116
TCGA-CA-5254-01A-21D-1835-10	23	79	2	0	16	7	43	33
TCGA-CA-5255-01A-11D-1835-10	3	8	0	6	4	6	12	5
TCGA-CA-5256-01A-01D-1408-10	7	43	5	0	8	0	17	0
TCGA-CA-5797-01A-01D-1650-10	2	14	1	1	7	0	34	7
TCGA-CA-6715-01A-21D-1835-10	0	27	0	6	9	25	8	8
TCGA-CA-6718-01A-11D-1835-10	2	34	3285	391	56	0	71	78
TCGA-CA-6719-01A-11D-1835-10	1	52	2	10	14	19	16	0
TCGA-CK-4948-01B-11D-1650-10	12	40	4	0	6	0	11	35
TCGA-CK-5912-01A-11D-1650-10	8	17	0	8	0	2	6	16
TCGA-CK-5913-01A-11D-1650-10	249	251	13	0	238	5	29	0
TCGA-CK-5914-01A-11D-1650-10	22	42	7	12	0	0	12	47
TCGA-CK-5915-01A-11D-1650-10	0	47	1	0	21	0	13	6
TCGA-CK-5916-01A-11D-1650-10	523	399	30	8	367	0	58	0
TCGA-CK-6746-01A-11D-1835-10	540	136	20	49	320	3	6	50
TCGA-CK-6747-01A-11D-1835-10	7	65	0	20	0	7	19	8
TCGA-CM-4743-01A-01D-1719-10	404	277	0	0	314	63	54	2
TCGA-CM-4744-01A-01D-1408-10	0	72	5	0	12	21	39	0
TCGA-CM-4746-01A-01D-1408-10	299	358	11	14	20	20	0	0
TCGA-CM-4747-01A-01D-1408-10	22	46	2	0	0	0	25	5
TCGA-CM-4751-01A-02D-1835-10	26	44	0	1	0	0	9	14
TCGA-CM-4752-01A-01D-1408-10	0	67	6	9	20	7	21	1
TCGA-CM-5341-01A-01D-1408-10	0	64	2	0	11	0	26	58
TCGA-CM-5348-01A-21D-1719-10	0	34	0	42	2	7	13	89
TCGA-CM-5349-01A-21D-1719-10	0	54	4	17	8	0	20	1
TCGA-CM-5860-01A-01D-1650-10	0	47	0	8	11	19	32	0
TCGA-CM-5861-01A-01D-1650-10	659	60	8	81	550	0	0	54
TCGA-CM-5862-01A-01D-1650-10	8	39	2	0	6	2	12	22
TCGA-CM-5864-01A-01D-1650-10	26	15	3	19	21	20	38	65
TCGA-CM-5868-01A-01D-1650-10	14	25	9	2	16	0	16	18
TCGA-CM-6161-01A-11D-1650-10	0	42	0	0	16	5	35	1
TCGA-CM-6163-01A-11D-1650-10	0	39	3	9	6	0	32	17
TCGA-CM-6164-01A-11D-1650-10	4	18	1	15	8	6	24	0
TCGA-CM-6165-01A-11D-1650-10	18	17	0	0	4	23	11	36
TCGA-CM-6166-01A-11D-1650-10	27	18	2	8	0	9	7	13
TCGA-CM-6167-01A-11D-1650-10	0	40	0	0	7	11	20	1
TCGA-CM-6168-01A-11D-1650-10	38	43	0	8	33	19	51	28
TCGA-CM-6169-01A-11D-1650-10	10	43	0	0	8	16	14	21
TCGA-CM-6170-01A-11D-1650-10	11	29	0	4	5	0	40	9
TCGA-CM-6171-01A-11D-1650-10	362	437	21	0	274	0	77	0
TCGA-CM-6172-01A-11D-1650-10	7	31	3	18	0	2	30	15
TCGA-CM-6674-01A-11D-1835-10	289	320	1	27	180	0	8	4
TCGA-CM-6675-01A-11D-1835-10	10	24	0	0	3	1	23	17
TCGA-CM-6676-01A-11D-1835-10	17	35	3	19	0	0	8	22
TCGA-CM-6677-01A-11D-1835-10	25	61	5	4	0	20	22	5
TCGA-CM-6678-01A-11D-1835-10	9	74	0	0	13	0	48	0
TCGA-CM-6679-01A-11D-1835-10	26	18	0	3	0	0	12	8
TCGA-CM-6680-01A-11D-1835-10	0	37	0	17	5	2	21	8
TCGA-D5-5537-01A-21D-1924-10	20	33	4	7	0	9	27	4
TCGA-D5-5538-01A-01D-1650-10	0	27	3	7	33	1	19	26
TCGA-D5-5540-01A-01D-1650-10	1	49	0	12	0	9	18	30
TCGA-D5-5541-01A-01D-1650-10	0	30	0	8	4	0	22	0
TCGA-D5-6529-01A-11D-1771-10	11	48	8	14	10	0	14	8
TCGA-D5-6530-01A-11D-1719-10	399	323	6	0	228	5	29	0
TCGA-D5-6531-01A-11D-1719-10	2	77	5	12	4	20	32	38
TCGA-D5-6532-01A-11D-1719-10	6	28	9	14	0	0	18	49
TCGA-D5-6533-01A-11D-1719-10	0	23	2	27	19	13	28	65
TCGA-D5-6535-01A-11D-1719-10	3	24	0	8	1	36	38	66
TCGA-D5-6536-01A-11D-1719-10	20	25	0	9	4	0	5	34
TCGA-D5-6537-01A-11D-1719-10	0	45	10	4	20	12	15	6
TCGA-D5-6538-01A-11D-1719-10	33	61	0	13	0	2	24	14
TCGA-D5-6539-01A-11D-1719-10	4	20	4	9	10	5	14	33
TCGA-D5-6541-01A-11D-1719-10	0	55	0	0	16	0	2	23
TCGA-D5-6898-01A-11D-1924-10	7	28	5	0	0	7	8	27
TCGA-D5-6920-01A-11D-1924-10	17	36	2	6	0	0	24	29
TCGA-D5-6922-01A-11D-1924-10	17	36	1	11	0	0	17	25
TCGA-D5-6924-01A-11D-1924-10	0	41	3	1	18	12	45	20
TCGA-D5-6926-01A-11D-1924-10	0	34	0	8	11	0	14	45
TCGA-D5-6927-01A-21D-1924-10	289	88	14	16	243	1	0	0
TCGA-D5-6931-01A-11D-1924-10	38	10	13	35	34	0	39	153
TCGA-D5-6932-01A-11D-1924-10	9	23	13	0	9	2	18	58
TCGA-DM-A0X9-01A-11D-A152-10	8	50	4	25	4	20	46	34
TCGA-DM-A0XD-01A-12D-A152-10	23	56	9	16	1	0	46	20
TCGA-DM-A0XF-01A-11D-A152-10	0	5	8	14	20	0	45	39
TCGA-DM-A1D0-01A-11D-A152-10	0	26	0	7	8	13	6	64
TCGA-DM-A1D4-01A-21D-A152-10	17	91	4	0	9	23	24	19
TCGA-DM-A1D8-01A-11D-A152-10	18	21	8	16	12	0	17	71
TCGA-DM-A1D9-01A-11D-A152-10	0	19	6	7	13	9	27	53
TCGA-DM-A1DA-01A-11D-A152-10	42	31	0	10	10	43	56	105
TCGA-DM-A1DB-01A-11D-A152-10	3	17	2	6	0	0	8	25
TCGA-DM-A1HA-01A-11D-A152-10	15	51	0	0	2	18	23	41
TCGA-DM-A28C-01A-11D-A16V-10	11	33	5	0	0	0	19	34
TCGA-DM-A28E-01A-11D-A16V-10	0	22	7	6	21	2	8	16
TCGA-DM-A28F-01A-11D-A16V-10	32	5	18	21	5	0	26	141
TCGA-DM-A28G-01A-11D-A16V-10	8	47	0	5	16	13	26	14
TCGA-DM-A28H-01A-11D-A16V-10	17	23	3	12	0	3	17	45
TCGA-DM-A28M-01A-12D-A16V-10	11	43	0	8	0	6	19	6
TCGA-F4-6459-01A-11D-1771-10	0	13	3	23	12	0	23	53
TCGA-F4-6460-01A-11D-1771-10	16	25	14	14	8	0	35	44
TCGA-F4-6461-01A-11D-1771-10	28	35	0	10	11	13	37	15
TCGA-F4-6569-01A-11D-1771-10	0	16	11	11	9	5	7	62
TCGA-F4-6570-01A-11D-1771-10	750	287	27	82	239	15	118	89
TCGA-F4-6805-01A-11D-1835-10	2	26	0	0	12	9	4	18
TCGA-F4-6806-01A-11D-1835-10	6	49	5	2	5	4	22	15
TCGA-F4-6807-01A-11D-1835-10	7	6	0	0	25	39	48	48
TCGA-F4-6808-01A-11D-1835-10	0	57	0	2	9	18	22	30
TCGA-F4-6854-01A-11D-1924-10	0	16	0	8	19	7	44	25
TCGA-F4-6855-01A-11D-1924-10	8	29	0	6	0	13	27	26
TCGA-G4-6293-01A-11D-1719-10	10	38	10	2	10	0	45	7
TCGA-G4-6294-01A-11D-1806-10	32	7	2	16	0	3	0	100
TCGA-G4-6295-01A-11D-1719-10	4	17	0	18	18	15	11	68
TCGA-G4-6297-01A-11D-1719-10	0	35	4	16	10	5	15	4
TCGA-G4-6298-01A-11D-1719-10	2	39	4	0	3	4	13	12
TCGA-G4-6299-01A-11D-1771-10	30	27	7	16	1	0	24	58
TCGA-G4-6303-01A-11D-1771-10	0	51	9	7	6	7	18	8
TCGA-G4-6304-01A-11D-1924-10	409	158	15	35	165	0	92	0
TCGA-G4-6306-01A-11D-1771-10	23	41	0	4	9	18	7	22
TCGA-G4-6307-01A-11D-1719-10	12	17	9	9	0	0	7	24
TCGA-G4-6309-01A-21D-1835-10	191	379	1	0	143	10	1	23
TCGA-G4-6310-01A-11D-1719-10	8	40	0	12	0	16	14	20
TCGA-G4-6311-01A-11D-1719-10	10	36	4	0	8	18	37	39
TCGA-G4-6314-01A-11D-1719-10	11	56	0	9	3	21	6	45
TCGA-G4-6315-01A-11D-1719-10	8	46	0	0	2	27	10	59
TCGA-G4-6317-01A-11D-1719-10	0	54	6	1	8	0	38	0
TCGA-G4-6317-02A-11D-2067-10	23	17	0	8	0	18	7	58
TCGA-G4-6320-01A-11D-1719-10	350	421	5	22	56	61	144	0
TCGA-G4-6321-01A-11D-1719-10	0	24	0	4	3	9	21	2
TCGA-G4-6323-01A-11D-1719-10	25	29	2	0	0	0	9	22
TCGA-G4-6586-01A-11D-1771-10	362	345	0	30	302	38	0	15
TCGA-G4-6588-01A-11D-1771-10	1036	200	0	55	614	45	50	23
TCGA-G4-6625-01A-21D-1771-10	2	25	0	5	7	5	17	51
TCGA-G4-6626-01A-11D-1771-10	17	74	0	0	0	0	43	6
TCGA-G4-6627-01A-11D-2188-10	0	29	0	0	4	23	1	32
TCGA-G4-6628-01A-11D-1835-10	1273	293	49	0	130	0	198	0
TCGA-NH-A50T-01A-11D-A28G-10	0	74	6	23	7	9	26	3
TCGA-NH-A50V-01A-11D-A28G-10	18	66	0	0	2	35	13	36
TCGA-NH-A6GA-01A-11D-A36X-10	0	32	3	8	3	3	28	14
TCGA-NH-A6GB-01A-11D-A36X-10	10	55	2	10	11	7	55	16
TCGA-NH-A8F7-06A-31D-A40P-10	0	43	0	13	6	25	13	10
TCGA-NH-A8F8-01A-72D-A40P-10	14	47	0	0	1	1	37	5
TCGA-QG-A5YV-01A-11D-A28G-10	21	55	4	8	0	17	23	43
TCGA-QG-A5YW-01A-11D-A28G-10	12	43	7	2	22	22	23	31
TCGA-QG-A5YX-01A-11D-A28G-10	0	58	1	0	8	11	15	3
TCGA-QG-A5Z2-01A-11D-A28G-10	453	269	9	25	185	34	53	11
TCGA-QL-A97D-01A-12D-A40P-10	41	45	16	13	10	18	21	70
TCGA-SS-A7HO-01A-21D-A36X-10	12	49	0	0	11	22	27	51
TCGA-T9-A92H-01A-11D-A36X-10	32	26	9	5	0	0	27	87
