Samples	SBS96A	SBS96B	SBS96C	SBS96D	SBS96E	SBS96F	SBS96G	SBS96H	SBS96I
TCGA-4N-A93T-01A-11D-A36X-10	6	20	3	9	9	10	36	0	7
TCGA-5M-AAT4-01A-11D-A40P-10	8	21	13	6	3	2	4	123	0
TCGA-5M-AAT5-01A-21D-A40P-10	6	23	6	0	0	0	7	28	5
TCGA-5M-AAT6-01A-11D-A40P-10	575	593	0	79	586	0	0	66	0
TCGA-5M-AATA-01A-31D-A40P-10	12	36	0	6	0	5	0	9	13
TCGA-5M-AATE-01A-11D-A40P-10	8	45	1	1	3	16	10	24	34
TCGA-A6-2671-01A-01D-1408-10	14	21	5	6	0	0	10	28	2
TCGA-A6-2672-01B-03D-2298-08	343	151	5	81	448	23	104	0	0
TCGA-A6-2675-01A-02D-1719-10	9	42	0	0	5	4	0	29	12
TCGA-A6-2677-01A-01D-A270-10	7	51	5	20	7	0	29	11	13
TCGA-A6-2677-01B-02D-A270-10	7	38	1	24	5	7	27	10	13
TCGA-A6-2678-01A-01D-1953-10	3	4	2	7	0	0	7	2	0
TCGA-A6-2679-01A-02D-1408-10	28	27	1	21	0	0	24	57	0
TCGA-A6-2681-01A-01D-1408-10	4	53	6	4	18	0	37	25	8
TCGA-A6-2682-01A-01D-1408-10	0	13	0	19	6	1	26	0	15
TCGA-A6-2683-01A-01D-1953-10	2	15	0	1	4	0	16	0	0
TCGA-A6-2684-01A-01D-A270-10	4	29	0	11	0	0	19	39	15
TCGA-A6-2684-01C-08D-A270-10	7	31	0	11	0	0	12	27	17
TCGA-A6-2685-01A-01D-1408-10	1	11	2	4	0	0	25	10	0
TCGA-A6-2686-01A-01D-1408-10	914	451	32	93	285	0	248	0	2
TCGA-A6-3807-01A-01W-0995-10	0	13	2	15	0	0	17	2	55
TCGA-A6-3808-01A-01W-0995-10	28	35	0	8	3	10	8	18	32
TCGA-A6-3810-01A-01D-A270-10	0	50	0	5	17	9	22	6	61
TCGA-A6-4105-01A-02D-1771-10	30	35	0	3	2	5	32	55	12
TCGA-A6-4107-01A-02D-1408-10	24	56	13	1	12	0	65	10	14
TCGA-A6-5656-01A-21D-1835-10	5	51	0	14	2	0	14	10	8
TCGA-A6-5656-01A-21D-A270-10	4	58	0	15	5	0	11	13	4
TCGA-A6-5657-01A-01D-1650-10	0	33	0	16	0	8	51	0	17
TCGA-A6-5659-01A-01D-1650-10	8	49	12	29	8	0	91	2	0
TCGA-A6-5659-01A-01D-A270-10	11	58	14	27	8	0	89	2	3
TCGA-A6-5659-01B-04D-A270-10	14	28	10	34	5	0	88	2	4
TCGA-A6-5660-01A-01D-1650-10	7	45	3	11	5	4	26	23	4
TCGA-A6-5661-01A-01D-1650-10	540	331	0	30	128	77	77	0	13
TCGA-A6-5662-01A-01D-1650-10	6	10	0	11	0	0	15	9	9
TCGA-A6-5664-01A-21D-1835-10	0	19	8	0	8	0	14	0	2
TCGA-A6-5665-01A-01D-1650-10	609	329	22	87	504	7	0	110	0
TCGA-A6-5666-01A-01D-1650-10	0	39	7	4	7	12	23	0	0
TCGA-A6-5667-01A-21D-1719-10	0	13	0	7	2	0	30	0	16
TCGA-A6-6138-01A-11D-1771-10	6	35	0	3	7	7	18	0	40
TCGA-A6-6142-01A-11D-1771-10	1	23	1	1	2	0	35	0	17
TCGA-A6-6649-01A-11D-1771-10	14	41	0	1	4	10	12	0	34
TCGA-A6-6651-01A-21D-1835-10	6	12	0	0	4	0	21	30	14
TCGA-A6-6652-01A-11D-1771-10	12	13	0	2	8	2	38	0	10
TCGA-A6-6653-01A-11D-1771-10	310	347	0	30	185	29	170	0	0
TCGA-A6-6654-01A-21D-1835-10	2	146	0	0	0	13	7	1	31
TCGA-A6-6782-01A-11D-1835-10	8	9	14	14	0	0	37	49	18
TCGA-A6-A567-01A-31D-A28G-10	0	18	7	8	4	0	25	0	1
TCGA-A6-A56B-01A-31D-A28G-10	7	43	2	10	0	0	20	13	2
TCGA-A6-A5ZU-01A-11D-A28G-10	13	25	0	11	0	8	0	41	5
TCGA-AA-3489-01A-21D-1835-10	0	12	0	3	0	28	25	0	31
TCGA-AA-3492-01A-01D-1408-10	880	394	21	129	412	0	0	204	4
TCGA-AA-3494-01A-01D-1408-10	0	31	0	0	6	6	11	25	12
TCGA-AA-3495-01A-01D-1408-10	7	45	2	1	0	15	14	15	25
TCGA-AA-3496-01A-21D-1835-10	5	34	1	7	0	12	10	20	8
TCGA-AA-3502-01A-01D-1408-10	13	73	4	38	0	0	41	31	0
TCGA-AA-3506-01A-01D-2188-10	11	75	4	18	4	0	49	6	2
TCGA-AA-3509-01A-01D-1408-10	1	41	0	5	0	0	13	16	17
TCGA-AA-3511-01A-21D-1835-10	0	10	8	18	5	0	51	22	0
TCGA-AA-3514-01A-02D-1953-10	0	22	1	0	0	1	7	0	0
TCGA-AA-3517-01A-01D-1953-10	0	6	0	0	0	0	0	0	9
TCGA-AA-3519-01A-02D-1953-10	7	3	0	11	0	0	4	1	0
TCGA-AA-3520-01A-01D-1953-10	1	11	0	0	6	3	0	7	0
TCGA-AA-3521-01A-01D-1953-10	0	5	3	0	1	0	0	6	0
TCGA-AA-3522-01A-01W-0831-10	0	6	2	3	3	0	10	0	1
TCGA-AA-3524-01A-02D-1953-10	0	3	0	0	1	0	0	0	9
TCGA-AA-3529-01A-02D-1953-10	1	9	0	0	0	0	6	5	0
TCGA-AA-3530-01A-01W-0995-10	3	37	0	0	3	10	24	8	11
TCGA-AA-3532-01A-01D-1953-10	0	2	0	3	7	1	3	1	1
TCGA-AA-3534-01A-01D-1953-10	1	18	0	0	4	0	0	0	8
TCGA-AA-3538-01A-01D-1953-10	3	3	0	0	0	0	4	3	3
TCGA-AA-3544-01A-01D-1953-10	5	5	0	5	0	0	0	9	1
TCGA-AA-3548-01A-01D-1953-10	0	13	0	3	1	0	3	3	0
TCGA-AA-3549-01A-02D-1953-10	1	4	0	3	4	0	0	6	0
TCGA-AA-3561-01A-01D-1953-10	2	6	0	0	0	0	5	4	0
TCGA-AA-3655-01A-02D-1719-10	21	24	0	5	2	0	3	23	9
TCGA-AA-3660-01A-01D-1719-10	20	25	4	18	0	0	18	21	17
TCGA-AA-3662-01A-01D-1719-10	0	28	7	0	3	0	29	0	16
TCGA-AA-3663-01A-01D-1719-10	845	0	0	35	748	116	132	0	9
TCGA-AA-3664-01A-01W-0900-09	3	54	1	14	10	0	57	7	13
TCGA-AA-3666-01A-02W-0900-09	0	0	6	7	23	14	3	127	7
TCGA-AA-3667-01A-01W-0900-09	13	7	0	3	0	0	0	30	14
TCGA-AA-3672-01A-01W-0900-09	787	174	11	91	315	19	0	269	0
TCGA-AA-3673-01A-01W-0900-09	0	32	0	0	6	9	1	13	12
TCGA-AA-3675-01A-02W-0900-09	3	46	3	2	0	0	17	5	24
TCGA-AA-3678-01A-01W-0900-09	0	34	0	8	2	6	6	2	13
TCGA-AA-3679-01A-02W-0900-09	5	19	0	0	1	0	26	22	1
TCGA-AA-3680-01A-01W-0900-09	0	43	3	23	4	8	20	0	8
TCGA-AA-3681-01A-01W-0900-09	1	54	0	3	12	8	19	10	19
TCGA-AA-3685-01A-02W-0900-09	0	31	1	3	1	7	23	0	21
TCGA-AA-3688-01A-01W-0900-09	0	15	10	2	5	0	24	8	11
TCGA-AA-3693-01A-01W-0900-09	1	17	0	0	11	1	49	36	45
TCGA-AA-3696-01A-01W-0900-09	10	27	8	0	4	3	13	10	16
TCGA-AA-3697-01A-01D-1719-10	1	19	0	9	6	21	45	68	35
TCGA-AA-3712-01A-21D-1719-10	0	0	14	1	0	6	10	44	84
TCGA-AA-3713-01A-21D-1719-10	417	191	11	34	77	0	0	209	0
TCGA-AA-3812-01A-01W-0900-09	2	24	4	19	12	0	28	21	8
TCGA-AA-3814-01A-01W-0900-09	6	36	0	0	4	24	20	1	16
TCGA-AA-3815-01A-01W-0995-10	212	168	11	45	362	0	80	0	0
TCGA-AA-3818-01A-01W-0900-09	9	20	1	10	0	30	49	28	5
TCGA-AA-3831-01A-01W-0900-09	3	22	1	18	2	11	6	38	4
TCGA-AA-3833-01A-01W-0900-09	284	149	9	11	97	0	58	0	0
TCGA-AA-3841-01A-01W-0900-09	0	26	0	0	0	10	11	15	13
TCGA-AA-3842-01A-01W-0995-10	0	22	1	10	6	1	47	0	14
TCGA-AA-3844-01A-01W-0995-10	7	3	0	5	10	8	76	0	19
TCGA-AA-3845-01A-01D-1981-10	346	214	14	33	225	48	60	25	3
TCGA-AA-3845-01A-01W-0995-10	303	147	0	42	229	81	84	0	0
TCGA-AA-3846-01A-01W-0995-10	0	21	0	4	1	7	11	23	30
TCGA-AA-3848-01A-01W-0900-09	6	50	0	8	7	0	35	18	34
TCGA-AA-3851-01A-01W-0995-10	0	35	1	9	13	0	31	3	0
TCGA-AA-3855-01A-01W-0995-10	0	47	6	0	10	1	9	34	38
TCGA-AA-3856-01A-01W-0900-09	0	21	0	8	0	0	4	11	18
TCGA-AA-3858-01A-01W-0900-09	1	27	0	7	2	1	15	0	9
TCGA-AA-3860-01A-02W-0900-09	0	4	0	5	7	0	37	0	0
TCGA-AA-3861-01A-01W-0995-10	5	39	0	7	0	13	41	16	0
TCGA-AA-3862-01A-01W-0995-10	0	8	1	0	7	13	0	60	7
TCGA-AA-3864-01A-01D-1981-10	1211	1270	18	82	201	0	0	97	0
TCGA-AA-3866-01A-01W-0995-10	14	39	0	13	0	1	37	11	7
TCGA-AA-3867-01A-01W-0995-10	0	30	0	0	4	11	22	0	31
TCGA-AA-3869-01A-01W-0995-10	4	23	0	16	6	0	7	0	23
TCGA-AA-3870-01A-01W-0995-10	18	41	0	5	4	12	33	0	13
TCGA-AA-3875-01A-01W-0900-09	9	30	0	19	0	3	45	11	12
TCGA-AA-3930-01A-01W-0995-10	0	23	0	12	1	11	4	43	113
TCGA-AA-3939-01A-01W-0995-10	1	29	1	13	0	0	29	17	29
TCGA-AA-3941-01A-01W-0995-10	6	37	1	10	2	2	20	19	14
TCGA-AA-3952-01A-01W-0995-10	0	21	0	0	3	9	21	0	38
TCGA-AA-3955-01A-02W-0995-10	0	1	7	0	9	0	40	63	13
TCGA-AA-3956-01A-02W-0995-10	0	31	2	12	12	0	32	22	21
TCGA-AA-3967-01A-01W-1073-09	11	33	0	0	0	12	44	17	39
TCGA-AA-3968-01A-01W-0995-10	0	33	0	5	6	21	43	6	13
TCGA-AA-3971-01A-01W-0995-10	0	13	0	6	4	0	22	20	23
TCGA-AA-3972-01A-01W-0995-10	0	21	0	9	5	4	29	0	26
TCGA-AA-3977-01A-01D-1981-10	279	0	2617	981	0	767	0	0	0
TCGA-AA-3977-01A-01W-0995-10	142	15	2197	882	0	669	0	0	0
TCGA-AA-3979-01A-01W-0995-10	1	12	6	10	10	0	0	101	10
TCGA-AA-3980-01A-02W-0995-10	5	31	0	10	1	13	26	0	17
TCGA-AA-3982-01A-02W-0995-10	4	22	0	19	0	7	16	43	14
TCGA-AA-3984-01A-02D-1981-10	103	127	2331	2920	0	0	0	0	171
TCGA-AA-3984-01A-02W-0995-10	63	103	2087	2444	19	0	0	0	198
TCGA-AA-3986-01A-02W-0995-10	7	32	10	0	2	0	25	15	1
TCGA-AA-3989-01A-01W-0995-10	22	31	0	2	10	12	25	8	5
TCGA-AA-A004-01A-01W-A00E-09	6	24	0	0	6	0	1	15	17
TCGA-AA-A00O-01A-02W-A00E-09	13	9	2	5	7	0	51	0	0
TCGA-AA-A00Z-01A-01D-A17O-10	1	3	0	0	3	0	4	0	0
TCGA-AA-A010-01A-01D-A17O-10	521	0	3033	1729	0	3530	0	0	0
TCGA-AA-A010-01A-01W-A00E-09	205	0	2956	1437	0	3297	0	0	0
TCGA-AA-A017-01A-01W-A00E-09	0	20	0	1	0	0	6	0	24
TCGA-AA-A01C-01A-01W-A00E-09	0	18	4	0	4	4	29	4	14
TCGA-AA-A01I-01A-02W-A00E-09	8	35	0	2	0	20	15	12	19
TCGA-AA-A01K-01A-01W-A00E-09	8	0	0	0	12	12	55	35	17
TCGA-AA-A01P-01A-21D-A17O-10	312	226	0	35	174	40	11	0	42
TCGA-AA-A01P-01A-21W-A096-10	134	116	0	23	138	48	50	0	48
TCGA-AA-A01S-01A-21W-A096-10	8	18	4	0	3	0	11	11	8
TCGA-AA-A01T-01A-21W-A096-10	2	11	0	5	1	5	36	18	18
TCGA-AA-A01V-01A-23W-A096-10	8	35	0	12	2	21	2	20	24
TCGA-AA-A01X-01A-21W-A096-10	0	27	1	0	5	7	24	0	9
TCGA-AA-A01Z-01A-11W-A096-10	2	37	0	6	5	6	25	0	14
TCGA-AA-A022-01A-21D-A17O-10	569	477	3	80	206	29	0	113	1
TCGA-AA-A022-01A-21W-A096-10	470	394	0	63	200	55	0	27	52
TCGA-AA-A024-01A-02W-A00E-09	4	23	0	5	4	3	10	21	9
TCGA-AA-A029-01A-01W-A00E-09	0	23	4	5	3	10	27	0	13
TCGA-AA-A02E-01A-01W-A00E-09	2	11	6	5	18	0	52	43	25
TCGA-AA-A02H-01A-01W-A00E-09	10	14	7	9	1	0	22	0	10
TCGA-AA-A02J-01A-01W-A00E-09	0	1	0	24	0	20	35	32	15
TCGA-AA-A02K-01A-21W-A096-10	15	24	2	10	14	0	26	30	18
TCGA-AA-A02O-01A-21W-A096-10	0	64	0	11	9	5	67	0	9
TCGA-AA-A02R-01A-01W-A00E-09	376	152	3	14	323	59	93	0	44
TCGA-AA-A02W-01A-01W-A00E-09	14	30	0	0	4	7	17	8	15
TCGA-AA-A02Y-01A-43W-A096-10	0	17	3	22	0	10	36	21	3
TCGA-AA-A03J-01A-21W-A096-10	0	24	4	15	10	0	44	0	4
TCGA-AD-6548-01A-11D-1835-10	0	36	0	8	5	4	66	0	10
TCGA-AD-6888-01A-11D-1924-10	12	43	0	15	3	0	12	20	0
TCGA-AD-6889-01A-11D-1924-10	770	257	29	41	357	0	184	0	0
TCGA-AD-6890-01A-11D-1924-10	2	53	0	0	0	15	16	11	14
TCGA-AD-6895-01A-11D-1924-10	599	301	2	124	146	0	0	207	357
TCGA-AD-6901-01A-11D-1924-10	31	30	13	33	14	0	92	52	5
TCGA-AD-6963-01A-11D-1924-10	7	12	0	3	2	0	17	34	0
TCGA-AD-6964-01A-11D-1924-10	703	0	0	73	483	22	102	0	240
TCGA-AD-6965-01A-11D-1924-10	16	43	5	7	6	3	14	29	10
TCGA-AD-A5EJ-01A-11D-A28G-10	637	211	0	1	330	125	96	0	38
TCGA-AD-A5EK-01A-11D-A28G-10	17	20	0	0	0	8	31	14	14
TCGA-AM-5820-01A-01D-1650-10	1	22	0	0	0	13	0	23	7
TCGA-AU-3779-01A-01D-1719-10	11	44	11	0	0	0	14	7	27
TCGA-AU-6004-01A-11D-1719-10	286	278	10	58	214	0	18	30	0
TCGA-AY-4071-01A-01W-1073-09	0	9	2	15	10	0	36	28	21
TCGA-AY-5543-01A-01D-1650-10	13	38	11	5	10	0	31	0	11
TCGA-AY-6197-01A-11D-1719-10	383	62	16	51	490	0	52	0	18
TCGA-AY-6386-01A-21D-1719-10	2	44	1	12	9	0	29	0	15
TCGA-AY-A54L-01A-11D-A28G-10	27	17	6	16	8	0	45	23	6
TCGA-AY-A69D-01A-11D-A36X-10	0	63	0	19	8	37	45	0	35
TCGA-AY-A71X-01A-12D-A36X-10	7	35	0	15	0	4	5	15	5
TCGA-AY-A8YK-01A-11D-A40P-10	21	19	2	6	2	1	17	11	0
TCGA-AZ-4308-01A-01D-1408-10	3	5	0	16	8	0	29	0	7
TCGA-AZ-4313-01A-01D-1408-10	167	879	2	7	50	8	65	0	0
TCGA-AZ-4315-01A-01D-1408-10	149	69	2577	3921	148	348	0	0	0
TCGA-AZ-4614-01A-01D-1408-10	2	17	0	7	25	11	77	52	0
TCGA-AZ-4615-01A-01D-1408-10	332	215	16	40	278	0	93	0	0
TCGA-AZ-4681-01A-01D-1408-10	4	18	1	4	2	0	29	21	0
TCGA-AZ-5403-01A-01D-1650-10	3	10	9	5	0	0	1	35	14
TCGA-AZ-5407-01A-01D-1719-10	5	34	0	0	1	16	13	21	12
TCGA-AZ-6598-01A-11D-1771-10	1065	373	12	130	282	0	0	313	0
TCGA-AZ-6599-01A-11D-1771-10	0	16	0	20	0	0	0	0	227
TCGA-AZ-6600-01A-11D-1771-10	0	22	2	9	3	19	40	47	0
TCGA-AZ-6601-01A-11D-1771-10	905	957	0	4	268	77	171	0	0
TCGA-AZ-6603-01A-11D-1835-10	0	25	2	17	3	0	18	0	10
TCGA-AZ-6605-01A-11D-1835-10	12	12	1	23	8	0	38	3	7
TCGA-AZ-6606-01A-11D-1835-10	5	45	0	0	5	9	32	0	45
TCGA-AZ-6608-01A-11D-1835-10	0	2	1	9	17	6	3	105	7
TCGA-CA-5254-01A-21D-1835-10	29	67	3	0	9	0	55	15	25
TCGA-CA-5255-01A-11D-1835-10	5	7	0	6	2	5	10	0	9
TCGA-CA-5256-01A-01D-1408-10	10	37	5	0	4	0	16	0	8
TCGA-CA-5797-01A-01D-1650-10	4	9	0	1	2	0	24	0	26
TCGA-CA-6715-01A-21D-1835-10	3	17	0	8	3	19	33	0	0
TCGA-CA-6718-01A-11D-1835-10	0	12	3051	632	41	0	80	30	71
TCGA-CA-6719-01A-11D-1835-10	7	44	4	12	9	10	23	0	5
TCGA-CK-4948-01B-11D-1650-10	15	33	4	0	3	0	32	19	2
TCGA-CK-5912-01A-11D-1650-10	8	22	0	4	0	3	0	0	20
TCGA-CK-5913-01A-11D-1650-10	244	225	16	0	191	0	109	0	0
TCGA-CK-5914-01A-11D-1650-10	14	35	7	12	0	0	13	56	5
TCGA-CK-5915-01A-11D-1650-10	0	44	0	0	14	2	23	0	5
TCGA-CK-5916-01A-11D-1650-10	498	409	30	2	329	0	51	0	66
TCGA-CK-6746-01A-11D-1835-10	471	151	13	47	305	20	0	110	7
TCGA-CK-6747-01A-11D-1835-10	7	62	2	18	0	0	5	9	23
TCGA-CM-4743-01A-01D-1719-10	388	265	0	0	274	53	103	0	31
TCGA-CM-4744-01A-01D-1408-10	0	54	3	4	1	19	59	0	9
TCGA-CM-4746-01A-01D-1408-10	277	353	13	9	41	15	0	14	0
TCGA-CM-4747-01A-01D-1408-10	13	39	1	0	0	0	0	20	27
TCGA-CM-4751-01A-02D-1835-10	16	34	0	1	2	0	0	32	9
TCGA-CM-4752-01A-01D-1408-10	0	49	1	13	7	13	48	0	0
TCGA-CM-5341-01A-01D-1408-10	0	64	0	0	8	2	39	19	29
TCGA-CM-5348-01A-21D-1719-10	0	37	0	38	5	6	21	53	27
TCGA-CM-5349-01A-21D-1719-10	0	43	2	19	4	0	18	15	3
TCGA-CM-5860-01A-01D-1650-10	0	35	0	12	3	10	48	0	9
TCGA-CM-5861-01A-01D-1650-10	584	94	10	78	500	0	0	130	16
TCGA-CM-5862-01A-01D-1650-10	4	35	2	0	7	1	3	26	13
TCGA-CM-5864-01A-01D-1650-10	23	3	8	22	16	1	53	71	10
TCGA-CM-5868-01A-01D-1650-10	15	20	8	3	12	0	21	14	7
TCGA-CM-6161-01A-11D-1650-10	1	28	0	0	4	4	52	0	10
TCGA-CM-6163-01A-11D-1650-10	0	29	2	11	1	0	33	16	14
TCGA-CM-6164-01A-11D-1650-10	4	13	2	14	6	0	12	12	13
TCGA-CM-6165-01A-11D-1650-10	24	16	0	0	3	16	38	0	12
TCGA-CM-6166-01A-11D-1650-10	19	12	5	9	0	0	3	36	0
TCGA-CM-6167-01A-11D-1650-10	4	32	4	0	4	0	21	7	7
TCGA-CM-6168-01A-11D-1650-10	45	31	0	12	22	10	68	8	24
TCGA-CM-6169-01A-11D-1650-10	15	35	0	0	5	12	32	10	3
TCGA-CM-6170-01A-11D-1650-10	3	22	0	4	3	0	5	34	27
TCGA-CM-6171-01A-11D-1650-10	360	398	17	0	227	11	153	0	5
TCGA-CM-6172-01A-11D-1650-10	2	23	3	17	0	0	10	34	17
TCGA-CM-6674-01A-11D-1835-10	268	325	0	16	173	8	0	0	39
TCGA-CM-6675-01A-11D-1835-10	5	14	1	0	2	0	15	35	6
TCGA-CM-6676-01A-11D-1835-10	9	31	3	18	0	0	0	37	6
TCGA-CM-6677-01A-11D-1835-10	16	51	6	3	0	13	0	35	18
TCGA-CM-6678-01A-11D-1835-10	14	55	0	0	3	0	44	12	16
TCGA-CM-6679-01A-11D-1835-10	15	12	0	3	0	0	0	30	7
TCGA-CM-6680-01A-11D-1835-10	0	33	0	16	3	0	14	6	18
TCGA-D5-5537-01A-21D-1924-10	19	26	7	8	0	0	17	10	17
TCGA-D5-5538-01A-01D-1650-10	8	16	2	11	18	0	61	0	0
TCGA-D5-5540-01A-01D-1650-10	0	38	0	13	0	4	22	35	7
TCGA-D5-5541-01A-01D-1650-10	0	25	0	9	0	0	20	0	10
TCGA-D5-6529-01A-11D-1771-10	16	36	6	16	3	0	36	0	0
TCGA-D5-6530-01A-11D-1719-10	372	307	0	0	200	22	76	0	13
TCGA-D5-6531-01A-11D-1719-10	1	69	1	10	0	24	30	25	30
TCGA-D5-6532-01A-11D-1719-10	0	28	8	12	0	0	6	45	25
TCGA-D5-6533-01A-11D-1719-10	0	19	0	28	13	13	56	27	21
TCGA-D5-6535-01A-11D-1719-10	3	13	1	9	0	25	50	49	26
TCGA-D5-6536-01A-11D-1719-10	13	19	0	9	5	0	11	40	0
TCGA-D5-6537-01A-11D-1719-10	0	33	10	9	10	3	47	0	0
TCGA-D5-6538-01A-11D-1719-10	20	47	1	12	0	0	0	46	21
TCGA-D5-6539-01A-11D-1719-10	4	20	3	7	8	7	15	14	21
TCGA-D5-6541-01A-11D-1719-10	4	51	0	0	14	0	20	7	0
TCGA-D5-6898-01A-11D-1924-10	3	27	3	0	0	8	3	29	9
TCGA-D5-6920-01A-11D-1924-10	12	39	2	2	0	0	0	24	35
TCGA-D5-6922-01A-11D-1924-10	7	29	1	10	0	0	0	47	13
TCGA-D5-6924-01A-11D-1924-10	0	35	0	2	8	16	46	0	33
TCGA-D5-6926-01A-11D-1924-10	0	27	0	8	8	0	28	36	5
TCGA-D5-6927-01A-21D-1924-10	271	106	7	14	229	20	4	0	0
TCGA-D5-6931-01A-11D-1924-10	0	5	2	28	37	23	0	176	51
TCGA-D5-6932-01A-11D-1924-10	7	16	8	1	6	10	36	41	7
TCGA-DM-A0X9-01A-11D-A152-10	14	37	9	27	0	0	48	32	24
TCGA-DM-A0XD-01A-12D-A152-10	19	37	6	19	0	0	39	36	15
TCGA-DM-A0XF-01A-11D-A152-10	8	0	6	15	9	0	64	0	29
TCGA-DM-A1D0-01A-11D-A152-10	0	26	0	5	8	11	29	33	12
TCGA-DM-A1D4-01A-21D-A152-10	20	79	11	0	7	3	32	26	9
TCGA-DM-A1D8-01A-11D-A152-10	11	8	6	19	9	0	37	73	0
TCGA-DM-A1D9-01A-11D-A152-10	2	14	1	8	5	17	54	14	19
TCGA-DM-A1DA-01A-11D-A152-10	41	14	0	14	6	28	90	78	26
TCGA-DM-A1DB-01A-11D-A152-10	2	12	2	6	0	0	13	24	2
TCGA-DM-A1HA-01A-11D-A152-10	11	40	5	0	2	5	27	54	6
TCGA-DM-A28C-01A-11D-A16V-10	8	30	4	0	0	0	16	28	16
TCGA-DM-A28E-01A-11D-A16V-10	0	19	3	8	15	8	26	2	1
TCGA-DM-A28F-01A-11D-A16V-10	7	1	10	18	10	15	18	136	33
TCGA-DM-A28G-01A-11D-A16V-10	14	35	0	8	9	5	42	8	8
TCGA-DM-A28H-01A-11D-A16V-10	7	24	3	8	0	4	0	45	29
TCGA-DM-A28M-01A-12D-A16V-10	7	40	1	7	0	2	0	17	19
TCGA-F4-6459-01A-11D-1771-10	0	11	2	23	11	0	27	34	19
TCGA-F4-6460-01A-11D-1771-10	15	14	12	17	4	0	44	39	11
TCGA-F4-6461-01A-11D-1771-10	23	37	1	6	12	8	4	14	44
TCGA-F4-6569-01A-11D-1771-10	0	16	7	9	9	12	19	33	16
TCGA-F4-6570-01A-11D-1771-10	697	288	0	79	219	68	142	40	74
TCGA-F4-6805-01A-11D-1835-10	7	24	0	0	9	6	23	0	2
TCGA-F4-6806-01A-11D-1835-10	1	48	0	0	5	14	0	11	29
TCGA-F4-6807-01A-11D-1835-10	19	0	0	0	12	31	83	6	22
TCGA-F4-6808-01A-11D-1835-10	11	42	0	6	1	10	61	7	0
TCGA-F4-6854-01A-11D-1924-10	9	9	0	9	10	2	56	0	24
TCGA-F4-6855-01A-11D-1924-10	7	19	4	8	0	0	24	35	12
TCGA-G4-6293-01A-11D-1719-10	6	31	8	2	6	0	12	24	33
TCGA-G4-6294-01A-11D-1806-10	13	4	0	14	4	10	6	109	0
TCGA-G4-6295-01A-11D-1719-10	2	13	0	17	17	9	30	51	12
TCGA-G4-6297-01A-11D-1719-10	0	30	0	16	6	11	18	0	8
TCGA-G4-6298-01A-11D-1719-10	4	38	4	0	2	2	11	0	16
TCGA-G4-6299-01A-11D-1771-10	20	14	5	19	1	0	30	74	0
TCGA-G4-6303-01A-11D-1771-10	1	43	8	8	2	4	26	0	14
TCGA-G4-6304-01A-11D-1924-10	388	161	14	36	148	0	72	0	55
TCGA-G4-6306-01A-11D-1771-10	18	35	0	4	11	12	9	28	7
TCGA-G4-6307-01A-11D-1719-10	10	8	7	10	0	0	23	20	0
TCGA-G4-6309-01A-21D-1835-10	190	361	0	0	127	11	53	0	6
TCGA-G4-6310-01A-11D-1719-10	6	40	0	11	0	12	8	15	18
TCGA-G4-6311-01A-11D-1719-10	14	16	5	6	0	8	64	39	0
TCGA-G4-6314-01A-11D-1719-10	7	55	0	5	6	19	6	32	21
TCGA-G4-6315-01A-11D-1719-10	11	44	5	0	4	11	30	27	20
TCGA-G4-6317-01A-11D-1719-10	0	45	4	1	3	2	22	0	30
TCGA-G4-6317-02A-11D-2067-10	13	12	1	8	0	16	12	68	1
TCGA-G4-6320-01A-11D-1719-10	346	376	8	27	43	38	156	0	65
TCGA-G4-6321-01A-11D-1719-10	3	17	0	5	0	5	22	0	11
TCGA-G4-6323-01A-11D-1719-10	20	23	2	0	1	0	13	24	4
TCGA-G4-6586-01A-11D-1771-10	348	349	0	26	279	36	42	7	5
TCGA-G4-6588-01A-11D-1771-10	949	258	0	40	574	53	24	33	92
TCGA-G4-6625-01A-21D-1771-10	6	21	0	5	4	3	39	21	13
TCGA-G4-6626-01A-11D-1771-10	17	57	0	0	0	0	30	16	20
TCGA-G4-6627-01A-11D-2188-10	3	31	0	0	4	17	26	0	8
TCGA-G4-6628-01A-11D-1835-10	1157	337	50	0	171	0	0	80	148
TCGA-NH-A50T-01A-11D-A28G-10	7	57	7	27	0	0	50	0	0
TCGA-NH-A50V-01A-11D-A28G-10	17	59	0	0	4	28	21	23	18
TCGA-NH-A6GA-01A-11D-A36X-10	4	19	3	10	0	0	37	12	6
TCGA-NH-A6GB-01A-11D-A36X-10	8	52	0	6	7	12	21	7	53
TCGA-NH-A8F7-06A-31D-A40P-10	0	43	0	12	4	19	13	0	19
TCGA-NH-A8F8-01A-72D-A40P-10	13	25	0	3	0	0	38	24	2
TCGA-QG-A5YV-01A-11D-A28G-10	14	52	8	5	4	4	5	49	30
TCGA-QG-A5YW-01A-11D-A28G-10	19	35	14	4	17	0	41	18	14
TCGA-QG-A5YX-01A-11D-A28G-10	3	50	3	0	3	6	27	2	2
TCGA-QG-A5Z2-01A-11D-A28G-10	421	263	0	23	166	49	77	0	40
TCGA-QL-A97D-01A-12D-A40P-10	31	28	20	17	9	0	40	89	0
TCGA-SS-A7HO-01A-21D-A36X-10	22	40	0	0	5	13	68	8	16
TCGA-T9-A92H-01A-11D-A36X-10	22	17	6	5	0	3	36	80	17
