MutationType	SBS96A	SBS96B	SBS96C	SBS96D	SBS96E	SBS96F	SBS96G	SBS96H	SBS96I	SBS96J
A[C>A]A	1.07E-04	4.31E-04	3.01E-04	0.00E+00	2.23E-04	1.45E-03	4.88E-03	3.22E-03	1.15E-03	7.88E-03
A[C>A]C	9.76E-05	0.00E+00	6.41E-04	3.10E-03	4.53E-04	2.13E-03	5.81E-03	5.58E-03	4.60E-03	4.64E-03
A[C>A]G	1.42E-05	3.18E-09	1.17E-04	3.97E-04	2.33E-05	4.86E-04	1.44E-03	2.16E-03	1.87E-03	1.25E-03
A[C>A]T	5.30E-04	1.40E-46	3.03E-03	1.59E-03	1.36E-03	2.77E-03	2.68E-03	1.85E-03	1.09E-02	1.45E-03
A[C>G]A	2.09E-04	1.99E-04	1.24E-04	1.64E-04	4.80E-04	1.48E-04	8.70E-04	1.79E-03	1.88E-03	1.39E-03
A[C>G]C	1.15E-05	1.52E-04	8.35E-05	1.90E-04	3.17E-04	3.81E-05	9.14E-04	2.44E-03	1.72E-03	2.00E-03
A[C>G]G	8.68E-05	0.00E+00	1.86E-05	1.29E-03	1.13E-04	1.00E-09	1.00E-03	5.72E-04	2.24E-04	7.36E-04
A[C>G]T	2.55E-04	2.36E-05	3.65E-05	5.54E-05	1.01E-03	4.69E-05	1.63E-03	4.40E-03	4.72E-04	6.13E-03
A[C>T]A	2.36E-03	1.22E-03	1.13E-04	4.78E-04	3.82E-03	2.34E-04	5.68E-03	2.97E-03	4.85E-03	1.47E-03
A[C>T]C	1.43E-03	1.17E-03	1.24E-03	6.94E-04	1.50E-03	1.53E-03	5.58E-03	2.30E-03	3.52E-03	3.50E-03
A[C>T]G	6.64E-03	5.61E-03	1.66E-03	4.13E-03	1.14E-02	1.28E-02	1.77E-02	1.42E-02	1.18E-02	1.51E-02
A[C>T]T	1.09E-03	0.00E+00	7.79E-04	7.05E-04	2.63E-03	1.76E-03	2.90E-03	2.37E-03	1.22E-02	2.39E-03
A[T>A]A	1.15E-04	1.35E-04	1.08E-04	2.55E-04	1.25E-04	2.12E-05	5.10E-04	1.84E-03	1.61E-03	1.97E-03
A[T>A]C	5.57E-04	8.45E-05	7.54E-05	8.79E-05	3.45E-04	4.21E-04	1.78E-03	1.80E-03	3.13E-03	2.28E-03
A[T>A]G	1.21E-04	2.32E-05	6.03E-05	1.31E-03	2.56E-04	1.29E-05	1.14E-03	2.11E-03	2.23E-03	1.53E-03
A[T>A]T	6.38E-04	2.94E-04	2.17E-04	1.71E-04	6.09E-04	3.91E-04	1.80E-03	1.21E-03	1.20E-03	1.14E-03
A[T>C]A	1.10E-04	4.77E-04	9.43E-04	1.05E-03	2.11E-03	5.34E-04	1.13E-03	1.94E-03	3.66E-03	1.14E-03
A[T>C]C	5.34E-04	4.65E-04	6.03E-04	7.12E-04	3.85E-03	1.60E-03	1.47E-03	8.48E-04	1.75E-03	9.00E-04
A[T>C]G	1.17E-03	2.71E-04	6.12E-04	5.26E-04	4.37E-03	4.57E-04	1.98E-03	5.69E-04	1.57E-03	2.91E-03
A[T>C]T	1.40E-46	2.45E-04	8.44E-04	1.82E-03	1.09E-03	3.70E-04	3.12E-03	3.51E-03	4.40E-03	2.32E-03
A[T>G]A	3.16E-08	1.91E-05	3.26E-04	2.87E-04	5.96E-05	1.62E-04	8.41E-04	8.85E-04	1.21E-03	7.15E-04
A[T>G]C	3.13E-05	2.51E-05	4.75E-04	7.47E-04	5.15E-04	6.34E-04	5.50E-04	9.02E-04	1.06E-03	1.30E-03
A[T>G]G	0.00E+00	1.40E-04	2.45E-04	5.87E-04	2.00E-04	3.73E-04	1.06E-03	3.39E-04	1.70E-03	9.59E-04
A[T>G]T	5.62E-05	8.76E-05	1.42E-03	1.34E-03	3.39E-04	2.08E-03	2.94E-08	6.66E-04	1.05E-03	1.89E-03
C[C>A]A	8.16E-04	5.18E-04	5.18E-04	6.45E-04	1.04E-03	5.13E-04	5.60E-03	7.38E-03	2.85E-03	4.47E-03
C[C>A]C	1.38E-03	1.38E-04	1.32E-04	3.60E-04	4.77E-03	4.81E-04	3.73E-03	3.74E-03	1.50E-03	0.00E+00
C[C>A]G	9.95E-04	5.67E-04	2.48E-04	8.83E-04	2.33E-03	6.93E-04	1.43E-03	3.45E-04	3.72E-04	9.55E-04
C[C>A]T	5.55E-03	0.00E+00	5.45E-03	8.53E-04	8.50E-03	7.40E-03	0.00E+00	3.92E-03	7.84E-04	0.00E+00
C[C>G]A	0.00E+00	8.28E-09	0.00E+00	1.67E-03	6.62E-05	5.17E-06	1.40E-03	1.56E-03	1.72E-03	1.79E-03
C[C>G]C	0.00E+00	0.00E+00	1.62E-05	6.10E-05	1.74E-04	4.15E-05	1.97E-03	2.85E-03	4.12E-04	1.69E-03
C[C>G]G	9.87E-05	1.02E-04	3.85E-05	0.00E+00	0.00E+00	1.35E-04	1.20E-03	1.46E-03	3.10E-04	5.47E-04
C[C>G]T	0.00E+00	1.09E-04	3.70E-05	9.70E-05	1.45E-04	1.29E-05	2.19E-03	3.39E-03	1.22E-03	2.63E-03
C[C>T]A	1.53E-03	6.68E-04	3.41E-04	5.73E-04	1.55E-03	1.14E-04	8.07E-03	2.67E-03	1.36E-02	3.88E-03
C[C>T]C	2.18E-03	7.28E-04	2.14E-04	5.79E-04	1.22E-03	2.35E-03	6.33E-03	2.08E-03	9.47E-03	4.30E-03
C[C>T]G	9.76E-03	5.78E-03	1.37E-03	1.53E-02	9.35E-03	1.17E-02	1.65E-02	1.07E-02	1.45E-02	7.57E-03
C[C>T]T	1.73E-03	4.98E-04	5.82E-04	1.10E-03	3.67E-03	7.21E-04	4.19E-03	1.31E-03	6.55E-03	4.71E-03
C[T>A]A	0.00E+00	7.37E-05	7.87E-05	3.56E-05	2.06E-04	7.54E-05	8.72E-04	1.31E-03	2.16E-03	2.54E-03
C[T>A]C	4.96E-04	2.42E-04	5.58E-05	3.86E-04	5.57E-04	3.33E-04	7.71E-04	1.94E-03	1.31E-03	3.71E-03
C[T>A]G	3.45E-04	2.75E-04	2.04E-04	9.28E-05	8.09E-04	9.83E-04	1.07E-03	4.48E-03	9.74E-04	5.45E-03
C[T>A]T	3.12E-04	4.33E-05	5.81E-04	0.00E+00	5.49E-04	5.49E-04	9.37E-04	2.58E-03	4.00E-03	5.61E-03
C[T>C]A	5.49E-04	0.00E+00	9.37E-05	1.90E-04	3.20E-03	2.59E-04	1.07E-03	6.29E-05	1.29E-03	2.39E-03
C[T>C]C	7.52E-04	2.55E-04	9.30E-04	7.09E-04	3.10E-03	1.94E-03	2.42E-03	1.14E-03	3.21E-03	4.77E-03
C[T>C]G	2.15E-03	1.25E-03	1.05E-03	0.00E+00	8.05E-03	6.95E-04	9.41E-04	2.48E-07	6.47E-04	5.51E-04
C[T>C]T	3.62E-04	3.16E-04	2.88E-04	5.22E-04	2.34E-03	7.48E-04	1.70E-03	1.31E-03	1.76E-03	7.20E-03
C[T>G]A	0.00E+00	6.84E-05	4.16E-04	3.34E-04	3.55E-04	2.49E-04	4.09E-04	6.27E-04	6.11E-08	7.64E-04
C[T>G]C	5.33E-04	3.94E-04	1.28E-04	3.40E-04	1.17E-03	5.19E-04	2.86E-04	9.12E-04	3.23E-04	1.60E-03
C[T>G]G	3.03E-04	3.22E-04	6.26E-04	6.56E-04	1.95E-03	3.05E-04	7.62E-04	9.19E-04	2.43E-03	1.67E-03
C[T>G]T	4.71E-04	1.62E-04	9.51E-04	1.37E-03	2.24E-03	1.70E-03	0.00E+00	3.74E-03	3.95E-03	8.65E-03
G[C>A]A	5.27E-04	4.18E-04	2.64E-04	1.43E-02	9.65E-04	2.46E-03	1.28E-02	5.01E-03	2.28E-03	9.97E-03
G[C>A]C	7.87E-04	1.23E-04	4.91E-04	6.28E-04	1.47E-03	6.86E-04	4.36E-03	3.83E-03	2.28E-03	1.87E-03
G[C>A]G	4.10E-04	2.08E-04	9.17E-05	1.62E-04	5.83E-04	1.40E-03	2.44E-03	2.39E-03	3.60E-03	2.45E-03
G[C>A]T	1.34E-03	5.61E-04	4.60E-03	2.21E-03	1.73E-03	9.89E-03	5.21E-03	4.29E-03	1.28E-02	4.03E-03
G[C>G]A	8.36E-05	1.48E-04	1.62E-04	5.84E-05	1.11E-04	1.67E-04	1.55E-03	1.47E-03	2.36E-04	9.30E-04
G[C>G]C	5.96E-04	3.47E-04	1.86E-04	2.63E-04	7.48E-04	2.78E-04	2.74E-04	1.88E-03	1.45E-03	1.98E-03
G[C>G]G	9.39E-05	1.10E-04	0.00E+00	0.00E+00	1.37E-04	1.35E-07	6.04E-04	2.84E-04	7.59E-04	6.31E-04
G[C>G]T	1.57E-04	1.79E-04	8.05E-05	1.92E-03	1.20E-04	2.07E-04	7.91E-04	2.68E-03	1.49E-03	1.14E-03
G[C>T]A	2.56E-03	1.74E-03	4.26E-04	9.10E-04	5.46E-03	8.23E-04	3.60E-03	2.93E-03	4.96E-03	3.95E-03
G[C>T]C	6.21E-03	1.18E-03	1.81E-03	1.88E-03	6.86E-03	5.94E-03	5.61E-46	4.65E-04	1.30E-02	3.43E-03
G[C>T]G	8.72E-03	5.32E-03	2.84E-03	8.31E-03	3.61E-30	1.16E-02	1.10E-02	1.17E-02	2.50E-02	1.17E-02
G[C>T]T	4.58E-03	8.71E-04	1.87E-03	4.96E-03	6.06E-03	5.57E-03	8.37E-04	4.67E-03	5.30E-03	4.26E-03
G[T>A]A	1.37E-04	3.42E-05	2.93E-05	4.06E-04	3.95E-04	7.26E-05	4.90E-04	1.37E-03	8.78E-04	2.08E-03
G[T>A]C	5.38E-04	1.07E-08	8.78E-09	1.01E-03	8.56E-04	2.96E-04	1.65E-07	1.15E-03	3.36E-03	2.13E-03
G[T>A]G	3.85E-04	2.63E-04	0.00E+00	4.34E-04	6.46E-04	1.23E-04	9.57E-04	1.55E-03	1.55E-03	2.01E-03
G[T>A]T	3.17E-04	6.61E-05	2.92E-04	3.26E-05	5.19E-04	3.22E-04	4.21E-04	1.73E-03	1.82E-03	2.49E-03
G[T>C]A	6.25E-04	6.92E-08	1.21E-03	4.04E-03	1.14E-02	2.16E-03	0.00E+00	1.86E-02	1.41E-02	1.07E-03
G[T>C]C	9.36E-04	1.74E-04	1.25E-03	4.38E-03	4.65E-03	3.01E-03	3.47E-04	7.24E-03	6.35E-03	8.92E-04
G[T>C]G	9.37E-05	0.00E+00	7.90E-04	1.74E-03	1.09E-02	1.25E-03	0.00E+00	1.71E-02	1.27E-02	1.16E-04
G[T>C]T	3.29E-04	0.00E+00	1.62E-03	1.28E-03	4.13E-03	3.02E-03	6.09E-04	7.01E-03	3.65E-03	1.14E-03
G[T>G]A	0.00E+00	3.25E-05	6.28E-05	3.22E-04	0.00E+00	1.70E-04	4.48E-04	7.82E-04	8.82E-04	2.25E-04
G[T>G]C	2.43E-04	6.30E-05	3.17E-04	6.95E-04	5.21E-04	5.63E-04	4.09E-04	1.15E-04	2.77E-04	4.07E-04
G[T>G]G	1.60E-04	1.24E-04	1.67E-04	5.10E-04	2.27E-04	2.06E-03	8.36E-05	1.69E-03	1.23E-03	2.14E-03
G[T>G]T	2.34E-04	0.00E+00	8.54E-04	7.29E-04	1.02E-03	1.11E-03	1.60E-04	1.38E-03	1.56E-03	2.86E-03
T[C>A]A	0.00E+00	7.07E-05	3.86E-03	5.62E-03	1.80E-04	2.81E-03	6.61E-03	7.39E-03	2.34E-03	5.84E-03
T[C>A]C	4.53E-04	4.52E-04	7.41E-04	3.58E-03	5.92E-04	1.81E-03	4.69E-03	5.08E-03	3.19E-03	3.31E-03
T[C>A]G	1.49E-04	1.00E-04	4.54E-04	7.02E-05	6.38E-04	2.31E-03	2.42E-03	2.07E-03	3.80E-03	3.65E-03
T[C>A]T	1.25E-03	2.82E-08	2.70E-02	5.75E-07	1.92E-07	4.18E-02	1.40E-46	2.17E-08	7.78E-07	3.78E-08
T[C>G]A	0.00E+00	5.62E-05	9.00E-06	9.19E-05	0.00E+00	1.79E-05	2.45E-03	5.48E-03	4.64E-03	1.51E-03
T[C>G]C	7.54E-05	1.69E-04	0.00E+00	1.23E-20	2.60E-04	0.00E+00	1.61E-03	4.16E-03	2.67E-03	1.28E-03
T[C>G]G	6.78E-06	2.78E-05	1.94E-05	7.04E-04	2.22E-05	1.37E-04	6.98E-04	1.18E-03	9.48E-04	2.06E-03
T[C>G]T	1.64E-07	3.56E-09	0.00E+00	8.64E-08	1.63E-08	0.00E+00	1.69E-03	8.70E-03	3.47E-03	6.47E-03
T[C>T]A	1.44E-03	5.53E-04	5.49E-04	9.86E-04	6.50E-04	4.52E-04	7.18E-03	5.82E-03	1.51E-02	3.83E-03
T[C>T]C	5.78E-04	3.73E-04	1.71E-03	3.91E-03	9.41E-04	2.41E-03	8.32E-03	3.33E-03	1.50E-02	2.53E-03
T[C>T]G	3.65E-03	3.38E-03	1.77E-02	2.88E-02	6.23E-03	3.05E-02	1.60E-02	5.50E-03	6.28E-03	6.94E-46
T[C>T]T	6.37E-04	9.47E-05	2.04E-03	3.38E-03	0.00E+00	4.18E-03	5.77E-03	2.64E-03	1.14E-02	1.40E-03
T[T>A]A	8.63E-05	0.00E+00	8.41E-05	1.73E-05	4.81E-05	1.00E-04	6.51E-04	2.07E-03	7.37E-04	2.65E-03
T[T>A]C	1.18E-04	8.27E-05	2.04E-04	1.04E-04	1.29E-04	1.63E-04	1.29E-03	2.67E-03	1.99E-03	4.27E-03
T[T>A]G	0.00E+00	2.17E-05	2.03E-04	6.94E-05	2.56E-04	9.29E-04	7.33E-04	1.69E-03	1.14E-03	1.57E-03
T[T>A]T	0.00E+00	3.76E-05	5.94E-04	3.06E-04	5.30E-05	5.01E-04	8.44E-04	2.16E-03	2.53E-03	3.41E-03
T[T>C]A	6.17E-04	4.31E-04	5.04E-04	6.04E-04	1.60E-03	4.35E-04	6.29E-04	2.41E-03	2.63E-03	3.19E-03
T[T>C]C	7.07E-04	2.32E-05	7.35E-04	1.44E-03	1.38E-03	1.37E-03	1.56E-03	2.59E-03	2.42E-03	1.53E-03
T[T>C]G	1.18E-03	4.61E-04	8.19E-04	6.30E-04	1.98E-03	1.10E-03	1.03E-03	1.82E-03	3.11E-03	2.43E-03
T[T>C]T	5.61E-04	3.57E-04	8.35E-04	1.05E-03	1.23E-03	1.59E-03	1.36E-03	9.06E-04	2.77E-03	3.04E-03
T[T>G]A	1.02E-08	6.04E-08	1.03E-03	8.86E-04	3.46E-05	5.30E-04	1.12E-03	1.44E-03	7.16E-04	8.38E-04
T[T>G]C	9.96E-05	1.75E-04	9.40E-04	1.40E-03	1.40E-46	9.10E-04	5.64E-04	1.49E-03	7.61E-04	1.19E-03
T[T>G]G	7.31E-05	1.35E-04	4.10E-04	7.38E-04	3.64E-04	2.31E-04	1.18E-03	8.81E-04	1.76E-03	1.95E-03
T[T>G]T	0.00E+00	4.22E-08	1.57E-02	8.31E-03	3.18E-05	7.58E-03	2.85E-09	2.26E-06	1.07E-07	2.64E-03
