MutationType	SBS96A	SBS96B	SBS96C	SBS96D	SBS96E	SBS96F	SBS96G	SBS96H	SBS96I	SBS96J
A[C>A]A	0.00010715958196669818	0.0018305793055333197	0.0005465324873512145	0.0	0.00023794330045348033	0.0026792878459673377	0.02469354886561632	0.011812410416314378	0.0022499004437122492	0.023095362522872163
A[C>A]C	0.00018510388617869465	0.0	0.0019226119678933174	0.003780527494382113	0.0015075018105562775	0.005118139632395468	0.020504758274182678	0.02937825731933117	0.012920697551453485	0.009617900010198355
A[C>A]G	1.4189493958838284e-05	4.731467484475615e-09	0.00017659854365774662	0.00040897103244788016	2.3330240219365804e-05	0.0010960559593513608	0.00407609251268184	0.009281360544264317	0.003425452099349968	0.0018072143197059632
A[C>A]T	0.001990876137278974	1.4012984643248171e-46	0.006488324661040679	0.0016942857357207686	0.003338530973996967	0.02132587190717459	0.00879581943154335	0.005228048861972543	0.017951966309919954	0.004060854731869767
A[C>G]A	0.0006454524234868586	0.0007548105029854923	0.0003902177817508345	0.0008924049063352868	0.0007510537339840085	0.0006452525034546852	0.0036852932185865938	0.005849895611754618	0.006419201425160281	0.004407973296474665
A[C>G]C	1.1475526844151317e-05	0.0005329582432750613	0.00017481512277655041	0.0008573913131840527	0.0024342976685147732	3.805882588494569e-05	0.0036767710465937854	0.015248536597937346	0.001838660577777773	0.005384655855596066
A[C>G]G	0.0002505199350707699	0.0	2.6506785717561597e-05	0.0012925030663609506	0.00023745427024550735	1.0001348194066395e-09	0.004323825978235618	0.0014667604753412888	0.00024086003683976287	0.0021551557934344602
A[C>G]T	0.0007688209065236581	2.3650961755095067e-05	4.946042026858777e-05	0.00022834563133073972	0.00421938380454776	0.00011113956206827424	0.002063490671571344	0.019844311010092496	0.00047182468697428705	0.014570132084190845
A[C>T]A	0.026728888507932425	0.0034143062366638333	0.00028144387470092626	0.0017116059781983495	0.01647018964868039	0.00033873637148644774	0.02656432129442692	0.009388475283049046	0.023863091692328454	0.0040781823452562095
A[C>T]C	0.01763917221687734	0.007344645343255252	0.0021983438055031	0.0036005212925374506	0.005877862130728317	0.011585118132643402	0.01075709966244176	0.0064010854810476305	0.04500097315758467	0.01830188576132059
A[C>T]G	0.04603239940479398	0.2856956973671913	0.00521971213650126	0.01875668130815029	0.0773985440377146	0.0464571591001004	0.09344095382839442	0.08645751997828484	0.026177154295146464	0.06417442925740033
A[C>T]T	0.014786267606541514	0.0	0.0029676240053959193	0.0032900866819545625	0.004449103257503205	0.008268090616911649	0.024044374097138645	0.004512287257239222	0.030370352696627377	0.008706420799718841
A[T>A]A	0.00016558531000896438	0.0004807627733876935	0.0007390770682832226	0.000345759551419178	0.000300637970212847	3.0466501630144194e-05	0.000993313148501329	0.003971231361356331	0.0038199799368157984	0.008240566065069288
A[T>A]C	0.00468234476284124	0.00012667463015532122	0.0003819679724983871	0.00015708909631939605	0.0009012208014610223	0.0007748455071123316	0.0067670773016288875	0.003806647297460586	0.0070887576323002575	0.010491922980872915
A[T>A]G	0.00021358653611969203	3.476092097116634e-05	0.0002043996370048262	0.0014698683968163095	0.0006591987141291611	1.2905741459690035e-05	0.002642872589194667	0.006067418356976262	0.005418945706333033	0.004070080919800034
A[T>A]T	0.003393538563977927	0.0010703165200538934	0.002675711514893919	0.00036341531085781753	0.004300603934098035	0.0024732166901230814	0.00530859490390867	0.0025096975266933443	0.011172295548021793	0.004063294595107436
A[T>C]A	0.00012057034473400563	0.0013369926571613177	0.0045329525950364765	0.005500744632445276	0.032195508293807504	0.0006586027098819614	0.00528613047208637	0.013662868505343794	0.006428481987677514	0.0018813234171830117
A[T>C]C	0.0015670640359233324	0.001719041457727144	0.001886619729339145	0.010916892578825355	0.034984694048762324	0.009230561507865786	0.0025102476589381694	0.0017204999341629446	0.0037283664103597404	0.0010192681453190743
A[T>C]G	0.008399161358829588	0.0004065876471088359	0.004204024700447917	0.0012566140652779723	0.07723760157823563	0.001274019293487072	0.004314625469203292	0.0007419326808303595	0.0017643663578837732	0.004825109941884875
A[T>C]T	1.4012984643248171e-46	0.0005580233060754836	0.005364777578506619	0.0026272894147490464	0.011593392351642251	0.0009101022820686922	0.016555751441046596	0.009883694257587195	0.008709624712810182	0.0056416810857342625
A[T>G]A	3.16391435717378e-08	1.9102967739037523e-05	0.0017156790068838744	0.0007843461906304583	0.000125541214219993	0.0001623606774955988	0.00117788023828993	0.001266350253851556	0.0034483409647322106	0.003112073130114368
A[T>G]C	3.970103043684503e-05	2.5146303232759238e-05	0.005623444635421038	0.0009350089614599711	0.003428754396736622	0.0025090452051188096	0.001057049041105529	0.0016160308130906743	0.0010742108143375617	0.003528440516674891
A[T>G]G	0.0	0.0007065981117193587	0.0012790488122846	0.0008773037508944981	0.000761547241563676	0.0018956188578158617	0.003284392133355141	0.00033890248741954567	0.0025941007217625154	0.0024385376018472016
A[T>G]T	5.6183343986049294e-05	0.00019792988750850783	0.01769189750775695	0.006231671082787216	0.001082889660017372	0.012123099411837757	2.9442787763400702e-08	0.0014270894578658044	0.002301874617114663	0.007535066921263933
C[C>A]A	0.018032177444547416	0.001123950407782104	0.0031752112816320734	0.0014632728631113422	0.0014374976471117407	0.0023172315879492087	0.031060891412198543	0.019511336064897477	0.006250621494837105	0.01139185312204063
C[C>A]C	0.033505821228027345	0.00023532435880042614	0.00018995017744600774	0.002356035023694858	0.01637591840699315	0.0018994738347828388	0.019967843499034642	0.008109563030302525	0.0014956831932067872	0.0
C[C>A]G	0.01182850506156683	0.0016664226015564055	0.0006582395355508198	0.0008829783648252488	0.009962473850470653	0.0025442710728384556	0.006360164983198047	0.0005110594711254634	0.0008644557630759664	0.0019946892047300936
C[C>A]T	0.09877093732357026	0.0	0.016974399285390972	0.0008559166935583562	0.017424546844813447	0.04082514987312606	0.0	0.003924722224473954	0.0007836590521037579	0.0
C[C>G]A	0.0	8.82514887834418e-09	0.0	0.0017710005335828782	9.818879480008035e-05	5.177127273370275e-06	0.00482870022779025	0.008607770490925759	0.0028611379489973388	0.005605118815674359
C[C>G]C	0.0	0.0	1.6156703350134193e-05	0.0001744308516208548	0.00031381485241581685	0.00012672080883930904	0.0049447669920709815	0.011889911532080077	0.0004120214842259884	0.004071715228099038
C[C>G]G	0.00013609383822767995	0.0004494394117500633	0.00011798693417297557	0.0	0.0	0.00013525479007512332	0.004502361547201872	0.005440798518247902	0.0004539585788734257	0.0009314599563367664
C[C>G]T	0.0	0.00031393067620228977	5.0583697156980636e-05	0.00027837698391408594	0.0003909793740604073	1.2862301082350313e-05	0.004253359224640008	0.015414458001032472	0.0024837231962010265	0.008753083180636168
C[C>T]A	0.010603266395628452	0.003201736765913665	0.0009566421969793737	0.0035862382734194397	0.0032873398035007995	0.00015917852288112045	0.0344276612624526	0.0054379834327846766	0.05119411642663181	0.015370525163598358
C[C>T]C	0.017634232831187546	0.0016240485943853854	0.0003794191346969455	0.0027817419497296212	0.0018226156336652367	0.003869423025753349	0.032506377715617416	0.0035356585838599132	0.05458659306168556	0.01843230302911252
C[C>T]G	0.04729659184813499	0.2507717177271843	0.0027078444021753968	0.026716342894360423	0.050920573994517326	0.025922267139032895	0.14797037914395333	0.046859275363385675	0.03764428584836423	0.046659288555383684
C[C>T]T	0.012984152138233184	0.001169980806298554	0.0031975436839275064	0.004318625124869868	0.008211476332508027	0.003912083012983203	0.03520528431981802	0.00263648412656039	0.03670867756009102	0.024454064667224884
C[T>A]A	0.0	0.00014665281262118412	0.00013886056485716835	8.203081815736369e-05	0.0005405028568929993	0.0002124293208908057	0.002204837406338811	0.0034057773412769165	0.004646390583366156	0.006078684581962079
C[T>A]C	0.0034335318894591184	0.0004537319431619835	9.304589257226325e-05	0.0007662812422495335	0.0013986191647745727	0.001188421866390854	0.0013020339014474303	0.007793790859705041	0.002330471482127905	0.01522413846105337
C[T>A]G	0.0007761136686895043	0.0004945717818619855	0.00021495942883120733	0.00014372155674209354	0.002701037806036766	0.002180552072240971	0.0028662874731708145	0.019749199878424405	0.002056448278017342	0.01719617602004746
C[T>A]T	0.0011605453211814166	4.916676734865177e-05	0.0007155896956312802	0.0	0.0013112424290739	0.0018135436821921757	0.001223626111965359	0.014024579990655183	0.003997822774325499	0.029949769051745533
C[T>C]A	0.0016884349519386888	0.0	0.00017118395771831274	0.0009283690239868747	0.0315881684422493	0.00046764005383010955	0.002558870317659512	6.338594323267444e-05	0.0020519126321431715	0.00814750799909234
C[T>C]C	0.004007633587752935	0.0006141529214801267	0.0010945269226795063	0.002577041811309755	0.02808767929673195	0.007428551476914435	0.005874305334873498	0.003943815222010016	0.00971115946304053	0.01757705453783274
C[T>C]G	0.0074353300966322425	0.0026602516153616308	0.003592083271360025	0.0	0.11858044415712357	0.0018510044654249213	0.0015379589051008225	2.4827941160765474e-07	0.00106068350141868	0.0005510716233402491
C[T>C]T	0.0015884496868238784	0.00031619202345609663	0.0005739856453146786	0.002193196149892174	0.025439864303916693	0.001235610841831658	0.0036208029370754955	0.00196165032684803	0.0026129635936996466	0.05186029132455587
C[T>G]A	0.0	8.345551032107323e-05	0.0031150436014286244	0.0007746267190668731	0.0013986243051476777	0.0003143662586808205	0.0012800390529680073	0.001289630188577462	6.11071300227195e-08	0.003329871711321175
C[T>G]C	0.0023343337699770926	0.0013213889906182885	0.0003712134130182676	0.0023726495797745883	0.012162696337327361	0.0016076337458798661	0.00039405240677297114	0.002216297737322748	0.0005237328994553536	0.010953706642612828
C[T>G]G	0.0006393013696651906	0.0019775669439695775	0.0036212390405125916	0.0025962100364267824	0.016036557126790286	0.0005017687872168608	0.0020233207382261754	0.005394003097899258	0.002685809344984591	0.008453760831616818
C[T>G]T	0.0025985505257267506	0.00024662337618792663	0.01977851251140237	0.007938325754366815	0.010965453996323048	0.010226976068224758	0.0	0.00660739669110626	0.003946470841765404	0.06303727859631181
G[C>A]A	0.0015403947269078354	0.0005114773723562394	0.0006322671863017604	0.01581837980193086	0.001973753492347896	0.003901265389868058	0.07316234569298104	0.00542318276129663	0.0033153409910141817	0.013444804027676583
G[C>A]C	0.006267751823179424	0.00047349744418170305	0.0025850053410977126	0.003650409553665668	0.006529798629344441	0.004384265909902751	0.018836050853133203	0.034087033569812776	0.00726767280139029	0.004192981554660946
G[C>A]G	0.001319424479152076	0.00029955850368423853	0.00016894411528483032	0.000545830381452106	0.0021792164887301626	0.0017241387657122686	0.00917786251520738	0.010275891982018948	0.007852498511783778	0.0037158168037422002
G[C>A]T	0.014414795022457839	0.0017446110607124865	0.006832376995589584	0.007701757876202464	0.007109019695781172	0.04463290688581765	0.023610285110771657	0.011088955661398359	0.01801316342316568	0.01119805600028485
G[C>G]A	0.0002785331103950739	0.0005474637757288292	0.0004334718629252166	0.0001254203736607451	0.00015777520748088135	0.0006122883525677026	0.004563997348304838	0.0061405398417264225	0.00023587571922689676	0.0031769485911354424
G[C>G]C	0.0028301884391112252	0.0016193653267691844	0.00018641726346686484	0.0010705362947192043	0.0022942521347431464	0.0017311910167336463	0.0002739212475717068	0.01271565821953118	0.0032692085253074763	0.011911907652392983
G[C>G]G	0.0002489318969310261	0.0001653821969142655	0.0	0.0	0.00028646336613746826	1.3498697626346257e-07	0.002410381819936447	0.0005541022723861034	0.001229703575916119	0.0013233682247790312
G[C>G]T	0.0011274269490968436	0.0006403689597618723	0.00013631024048663676	0.002888818696010276	0.00015271743822904243	0.0007010824192548171	0.0033999889426922893	0.014678561966866255	0.00349466847255826	0.003090908005833626
G[C>T]A	0.08162019401788712	0.005254231207072735	0.0028052406152710317	0.00762210413813591	0.009160034005981288	0.0023453963920474054	0.006899780384264887	0.008420096081681549	0.024799128994345665	0.008319241832941771
G[C>T]C	0.12484991475939751	0.0029807235579937695	0.011401820927858353	0.04543205834925175	0.01626993142417632	0.03907009270042181	8.407790785948902e-46	0.00047449619305552917	0.03352546107489616	0.004971751268021763
G[C>T]G	0.21933845430612564	0.2747367024421692	0.01249473257921636	0.12991078570485115	3.6055614350568516e-30	0.1043989710509777	0.023299603536725045	0.04638244435191154	0.04932440440170467	0.07834385819733143
G[C>T]T	0.07324482500553131	0.0012992439791560174	0.014831705810502171	0.04296765923500061	0.02083871906470449	0.03501476626843214	0.00149077158421278	0.014747212606016547	0.008760388335213065	0.009010208025574683
G[T>A]A	0.00040073073580231265	4.828341644724787e-05	9.029624056893226e-05	0.0004317901999456808	0.0015049876208649948	0.00026700167218223213	0.0007283541606739163	0.003713536961004138	0.0016080006491392851	0.007562405994394794
G[T>A]C	0.003746478643734008	1.070297201977155e-08	8.777941218340856e-09	0.0011101165524451061	0.001956295748823322	0.0010525452040383242	2.437870421090338e-07	0.0029085315589327367	0.00891207584645599	0.007713794335722923
G[T>A]G	0.00137612241834546	0.0002625809051096439	0.0	0.00043411622755229473	0.0029961385240312665	0.00026891211746260524	0.0018031306906095778	0.004554290953092277	0.0034734096843749285	0.009380380902439357
G[T>A]T	0.0011879986646817996	0.00011422637217037846	0.0003894909852533601	3.263117978349328e-05	0.0015974643523804844	0.0015512030804529786	0.0005258791947426289	0.005143288965336978	0.00580963530973122	0.008377259806729853
G[T>C]A	0.0009242881067393682	6.924967692611972e-08	0.005747435020748526	0.018051693650704692	0.06624720298655688	0.005824762276051843	0.0	0.018596749007701873	0.015572577299030855	0.0013568010586368473
G[T>C]C	0.0030596266849897804	0.00017385738901793958	0.00522797411118745	0.036926334351301195	0.03260800503194332	0.027790825068950652	0.00034685272275396527	0.00796879269182682	0.009496957063674927	0.0008919422514736652
G[T>C]G	0.00014793620173350063	0.0	0.004275170232722303	0.00765723776225542	0.06320170619596865	0.005023434681947947	0.0	0.017141473656738525	0.012745867669582838	0.00011589914793148637
G[T>C]T	0.0005366788886021822	0.0	0.008075652457773686	0.028711658716201783	0.032052569650113584	0.007860885117133875	0.0006142872014606837	0.00950024644844234	0.0076605243608355526	0.0043308871282079055
G[T>G]A	0.0	3.251636749759257e-05	6.990431047597667e-05	0.002739936881698668	0.0	0.001258141320431605	0.0008732765868927572	0.003443347697611898	0.0018094727334528216	0.000433529588053716
G[T>G]C	0.0006548664852743969	0.00010499962954781949	0.0019673357135616245	0.0035991993092466144	0.0020002480363473297	0.0028583990555489437	0.001416740647982806	0.00017211047234013676	0.00036449528856792314	0.0008793902932666242
G[T>G]G	0.0002481947332853451	0.0004183576122159138	0.0005679971800418571	0.0023324933426920325	0.0006203102180734277	0.005636834213510156	8.374480831889742e-05	0.007409163983538747	0.0019023017724975944	0.009131736028939486
G[T>G]T	0.000459617719752714	0.0	0.0061189485248178245	0.0014551406918485554	0.0049813560675829646	0.0075446480718227345	0.00016017032321542503	0.0015521014807745813	0.002014159722435238	0.019995180983096363
T[C>A]A	0.0	0.00017185684118885546	0.0623498510569334	0.0074373619630932804	0.00018022003350779415	0.005809908814262599	0.033268287964165213	0.020737362321233375	0.007114110491238534	0.014359347999561577
T[C>A]C	0.0034432158805429935	0.001730509742628783	0.011764541547745467	0.004020085907541215	0.003971622756216675	0.010280069755390286	0.015978253912180662	0.035856395540758965	0.007964620180428029	0.013936144788749516
T[C>A]G	0.0002811139507684857	0.00010028609540313482	0.0031939408974722026	0.00011241901229368523	0.0021566469862591476	0.003757012082496658	0.01110338576254435	0.005258585792034864	0.00839290131693815	0.007949015102349221
T[C>A]T	0.0018757463618705144	7.791023364234206e-08	0.38109871447086335	1.1437158981664198e-06	2.1028180583471112e-07	0.2191592207694953	1.4012984643248171e-46	2.1658424032011682e-08	1.1100060504531939e-06	5.6752926980152554e-08
T[C>G]A	0.0	9.748629420585076e-05	8.996723045129329e-06	0.00026139820757373753	0.0	1.791258078913671e-05	0.005199383882853681	0.029224528279155493	0.008538077689485845	0.0025261746253818274
T[C>G]C	0.00018140726079209912	0.0003541458368999884	0.0	1.23139792851355e-20	0.0003904167052041885	0.0	0.004062265064567328	0.024103069584816693	0.005930508812889456	0.0033612547002860537
T[C>G]G	6.783914753327736e-06	5.0530246828550673e-05	3.074074193136767e-05	0.0007039955817162991	2.2168120876742137e-05	0.00022825970954727383	0.0013344863893124171	0.0032326709454736148	0.0018528651068209002	0.006138253002427518
T[C>G]T	2.2518742781585388e-07	3.561423511655448e-09	0.0	8.759603709052044e-08	1.6301420657782728e-08	0.0	0.002682233013499058	0.06113503165543079	0.004114181313889275	0.024384456009101996
T[C>T]A	0.005092709301970899	0.0016750087670516223	0.0018353749648667872	0.007324790442362427	0.0012180669989902526	0.001116581979295006	0.026106373965740205	0.033248791843652724	0.07561476100236178	0.017489776527509094
T[C>T]C	0.0108312726020813	0.0006584891816601157	0.009407813288271427	0.033501914516091344	0.002783661816829408	0.013394646509550513	0.017434779729228467	0.013262228574603796	0.07371225263923406	0.007445818837732076
T[C>T]G	0.003650905191898346	0.12391997650265693	0.14546370804309844	0.3365508697926998	0.023009549081326002	0.13190657538361847	0.04718375280499458	0.005502206087113261	0.012659058347344399	9.809089250273719e-46
T[C>T]T	0.0029242588352644816	0.0001254395698197186	0.017374548269435762	0.06479565165936947	0.0	0.03054672651924193	0.012597047196618406	0.006637000711634755	0.05750124172186588	0.001396245788782835
T[T>A]A	0.0005473733908729628	0.0	0.0004882257166173076	1.725622860249132e-05	7.105865515768527e-05	0.0003892878560918689	0.0010506495644222013	0.008229044172912836	0.0015076075913384556	0.0076007910334737975
T[T>A]C	0.00021611375751717787	8.265519863925874e-05	0.0005617024064122234	0.0001365665654248005	0.00019100262246212195	0.0009097921807551757	0.0023626131335618083	0.008422413412819196	0.003921527802307878	0.013464981550350785
T[T>A]G	0.0	3.1054615851644486e-05	0.00020348718389868737	0.0002020288199673814	0.0007867698004702106	0.0017069342655304353	0.0017738780528944176	0.00600016993121244	0.003020119793319509	0.005374363507144153
T[T>A]T	0.0	4.1763745684875175e-05	0.0029594945022836327	0.000915539331981563	5.301666096784175e-05	0.00342644804622978	0.0019353236188180746	0.013545639673247933	0.005527291039470583	0.011246045748703182
T[T>C]A	0.0055268312804400924	0.0014399616688024254	0.002411372127244249	0.004192726407200098	0.00796390357427299	0.0015008485057478537	0.001285591907799244	0.00406512328190729	0.0040003335103392604	0.014688368141651153
T[T>C]C	0.0077031169552356	2.3167612380348145e-05	0.006936699966900051	0.009945489466190338	0.010991610586643219	0.009779295499902219	0.003166434360900894	0.0067192110233008865	0.0038604966771572436	0.008712637005373836
T[T>C]G	0.01031444752588868	0.0015784649003762752	0.006384498532861471	0.0017726861406117678	0.014771022996865214	0.004191579995676875	0.0010278917849063872	0.0026632640277966858	0.0047664857702329755	0.0040256103035062555
T[T>C]T	0.002852403384167701	0.0005557940021390095	0.010144254053011536	0.0016758448677137495	0.008728426904417575	0.0053597439429722725	0.0037307839491404595	0.001982664014212787	0.010177643317729235	0.00799336633644998
T[T>G]A	1.0157026508750277e-08	8.623964902199077e-08	0.007106615090742707	0.0022608298459090292	4.57985297543928e-05	0.0005302425008267165	0.0014527152214675709	0.00598803567700088	0.0007160645952332345	0.0013901344527596394
T[T>G]C	0.00023046208152663895	0.0003460988948063459	0.006319475499913097	0.011335190199315549	1.4012984643248171e-46	0.0021856185514479874	0.0010440952377393843	0.003994595760013908	0.0028495440317783506	0.005585175007581711
T[T>G]G	0.00024605819198768585	0.0003907138775787189	0.0027965071611106397	0.0016622852999716997	0.0009419373222044669	0.00029074610865791327	0.0031038468761835246	0.0028863506158813834	0.003957655659178272	0.006484703929163516
T[T>G]T	0.0	4.217225466618402e-08	0.10747491476868162	0.016421001070466446	3.180548665113747e-05	0.0075831084397577795	2.850217306615832e-09	3.7064104560613485e-06	1.5683605170124792e-07	0.004347293061073287
