Samples	SBS96A	SBS96B	SBS96C	SBS96D
TCGA-05-4244-01A-01D-1105-08	148	13	25	34
TCGA-05-4250-01A-01D-1105-08	232	57	54	37
TCGA-05-4382-01A-01D-1931-08	1496	232	0	63
TCGA-05-4384-01A-01D-1753-08	81	15	21	19
TCGA-05-4389-01A-01D-1265-08	78	82	31	48
TCGA-05-4390-01A-02D-1753-08	481	20	35	35
TCGA-05-4395-01A-01D-1265-08	121	105	26	29
TCGA-05-4396-01A-21D-1855-08	157	25	29	39
TCGA-05-4397-01A-01D-1265-08	474	176	181	44
TCGA-05-4398-01A-01D-1265-08	473	104	103	60
TCGA-05-4402-01A-01D-1265-08	8	91	10	15
TCGA-05-4403-01A-01D-1265-08	51	11	20	55
TCGA-05-4405-01A-21D-1855-08	268	26	56	37
TCGA-05-4410-01A-21D-1855-08	834	160	80	55
TCGA-05-4415-01A-22D-1855-08	160	5	21	22
TCGA-05-4417-01A-22D-1855-08	237	10	40	29
TCGA-05-4418-01A-01D-1265-08	173	22	66	29
TCGA-05-4420-01A-01D-1265-08	220	25	33	22
TCGA-05-4422-01A-01D-1265-08	13	17	5	10
TCGA-05-4424-01A-22D-1855-08	542	94	43	33
TCGA-05-4425-01A-01D-1753-08	1	3	6	30
TCGA-05-4426-01A-01D-1265-08	10	8	5	22
TCGA-05-4427-01A-21D-1855-08	741	86	152	65
TCGA-05-4430-01A-02D-1265-08	203	20	29	21
TCGA-05-4432-01A-01D-1265-08	393	35	115	59
TCGA-05-4433-01A-22D-1855-08	1	0	0	37
TCGA-05-4434-01A-01D-1265-08	5	8	20	11
TCGA-05-5420-01A-01D-1625-08	45	8	10	25
TCGA-05-5423-01A-01D-1625-08	102	19	0	34
TCGA-05-5425-01A-02D-1625-08	432	39	77	39
TCGA-05-5428-01A-01D-1625-08	233	136	3	28
TCGA-05-5429-01A-01D-1625-08	2	6	0	26
TCGA-05-5715-01A-01D-1625-08	9	84	0	29
TCGA-17-Z000-01A-01W-0746-08	51	37	9	25
TCGA-17-Z001-01A-01W-0746-08	132	17	32	23
TCGA-17-Z002-01A-01W-0746-08	0	4	2	0
TCGA-17-Z003-01A-01W-0746-08	97	23	101	27
TCGA-17-Z004-01A-01W-0746-08	1	2	13	5
TCGA-17-Z007-01A-01W-0746-08	12	5	5	44
TCGA-17-Z009-01A-01W-0746-08	29	0	10	0
TCGA-17-Z011-01A-01W-0746-08	60	12	20	19
TCGA-17-Z013-01A-01W-0746-08	29	2	13	13
TCGA-17-Z015-01A-01W-0746-08	344	25	13	134
TCGA-17-Z017-01A-01W-0746-08	149	15	51	15
TCGA-17-Z018-01A-01W-0746-08	226	15	6	16
TCGA-17-Z019-01A-01W-0746-08	0	0	1	0
TCGA-17-Z020-01A-01W-0746-08	56	33	23	10
TCGA-17-Z021-01A-01W-0746-08	99	6	28	0
TCGA-17-Z022-01A-01W-0746-08	883	265	113	47
TCGA-17-Z023-01A-01W-0746-08	238	62	91	19
TCGA-17-Z025-01A-01W-0746-08	195	6	37	15
TCGA-17-Z026-01A-01W-0746-08	408	566	42	4
TCGA-17-Z027-01A-01W-0746-08	30	5	42	20
TCGA-17-Z028-01A-01W-0746-08	312	66	79	33
TCGA-17-Z030-01A-01W-0746-08	444	31	68	26
TCGA-17-Z031-01A-01W-0746-08	1781	101	442	88
TCGA-17-Z032-01A-01W-0746-08	42	30	11	27
TCGA-17-Z033-01A-01W-0746-08	96	43	26	4
TCGA-17-Z036-01A-01W-0746-08	33	12	23	9
TCGA-17-Z037-01A-01W-0746-08	7	13	0	121
TCGA-17-Z041-01A-01W-0746-08	18	11	5	15
TCGA-17-Z042-01A-01W-0746-08	384	30	51	34
TCGA-17-Z043-01A-01W-0746-08	104	31	64	14
TCGA-17-Z044-01A-01W-0746-08	59	13	46	8
TCGA-17-Z045-01A-01W-0746-08	524	44	133	15
TCGA-17-Z047-01A-01W-0747-08	1	4	9	9
TCGA-17-Z048-01A-01W-0746-08	0	4	15	10
TCGA-17-Z049-01A-01W-0746-08	377	50	64	18
TCGA-17-Z050-01A-01W-0747-08	75	30	32	36
TCGA-17-Z051-01A-01W-0747-08	78	15	25	19
TCGA-17-Z052-01A-01W-0747-08	76	4	34	4
TCGA-17-Z053-01A-01W-0747-08	136	37	44	38
TCGA-17-Z054-01A-01W-0747-08	0	1	1	2
TCGA-17-Z055-01A-01W-0747-08	446	32	123	34
TCGA-17-Z056-01A-01W-0747-08	274	104	82	19
TCGA-17-Z057-01A-01W-0747-08	108	228	44	34
TCGA-17-Z058-01A-01W-0747-08	42	5	16	15
TCGA-17-Z059-01A-01W-0747-08	105	39	1	14
TCGA-17-Z061-01A-01W-0747-08	72	22	80	8
TCGA-17-Z062-01A-01W-0747-08	340	29	58	16
TCGA-35-4122-01A-01D-1105-08	137	55	109	29
TCGA-35-4123-01A-01D-1105-08	232	15	31	26
TCGA-35-5375-01A-01D-1625-08	240	48	104	48
TCGA-38-4625-01A-01D-1553-08	461	129	0	21
TCGA-38-4626-01A-01D-1553-08	188	11	18	1
TCGA-38-4627-01A-01D-1553-08	4	5	1	18
TCGA-38-4628-01A-01D-1265-08	43	23	19	41
TCGA-38-4629-01A-02D-1265-08	152	38	53	42
TCGA-38-4630-01A-01D-1265-08	21	63	0	41
TCGA-38-4631-01A-01D-1753-08	656	38	61	19
TCGA-38-4632-01A-01D-1753-08	344	45	111	26
TCGA-38-6178-01A-11D-1753-08	19	7	11	17
TCGA-38-7271-01A-11D-2036-08	31	23	0	0
TCGA-44-2655-01A-01D-1553-08	165	14	0	9
TCGA-44-2655-01A-01W-0928-08	160	17	8	10
TCGA-44-2656-01A-02D-0969-08	777	36	41	61
TCGA-44-2656-01A-02D-A271-08	727	25	32	49
TCGA-44-2656-01A-02W-0928-08	687	31	64	27
TCGA-44-2656-01A-12D-A27T-08	742	29	45	57
TCGA-44-2656-01A-41D-A27T-08	770	30	36	58
TCGA-44-2656-01B-06D-A271-08	642	40	48	27
TCGA-44-2657-01A-01D-1105-08	339	47	0	33
TCGA-44-2661-01A-01D-1105-08	6	7	17	13
TCGA-44-2662-01A-01D-0969-08	40	167	16	3
TCGA-44-2662-01A-01D-A271-08	45	144	27	1
TCGA-44-2662-01A-01W-0928-08	41	146	20	0
TCGA-44-2662-01B-02D-A271-08	32	137	18	3
TCGA-44-2665-01A-01D-1040-01	0	14	8	25
TCGA-44-2665-01A-01D-A271-08	1	15	6	26
TCGA-44-2665-01A-01W-0928-08	0	15	20	17
TCGA-44-2665-01B-06D-A271-08	1	17	14	20
TCGA-44-2666-01A-01D-1489-08	4	4	7	15
TCGA-44-2666-01A-01D-A271-08	4	4	6	13
TCGA-44-2666-01A-01W-0928-08	2	5	6	19
TCGA-44-2666-01A-21D-A27T-08	6	4	5	19
TCGA-44-2666-01A-41D-A27T-08	3	6	9	16
TCGA-44-2666-01B-02D-A271-08	4	3	3	15
TCGA-44-2668-01A-01D-0969-08	258	86	39	19
TCGA-44-2668-01A-01D-A271-08	244	79	28	12
TCGA-44-2668-01A-01W-0928-08	270	87	28	12
TCGA-44-2668-01B-02D-A271-08	160	46	28	2
TCGA-44-3396-01A-01D-1553-08	52	88	11	42
TCGA-44-3398-01A-01D-1105-08	105	58	3	25
TCGA-44-3917-01A-01D-A271-08	143	30	32	27
TCGA-44-3917-01B-02D-A271-08	142	33	34	30
TCGA-44-3918-01B-02D-A271-08	806	95	6	20
TCGA-44-3919-01A-02D-1105-08	6	5	15	7
TCGA-44-3919-01A-02D-1458-08	7	9	13	9
TCGA-44-4112-01A-01D-1105-08	347	38	13	32
TCGA-44-4112-01A-01D-1458-08	367	36	15	32
TCGA-44-4112-01A-22D-A27T-08	375	39	4	47
TCGA-44-4112-01A-31D-A27T-08	352	100	0	49
TCGA-44-4112-01B-06D-A271-08	284	34	9	22
TCGA-44-5643-01A-01D-1625-08	47	33	12	46
TCGA-44-5644-01A-21D-2036-08	757	74	76	89
TCGA-44-5645-01A-01D-1625-08	1	0	20	15
TCGA-44-5645-01A-01D-A271-08	2	0	21	13
TCGA-44-5645-01A-21D-A27T-08	2	0	21	17
TCGA-44-5645-01A-51D-A27T-08	2	0	19	17
TCGA-44-5645-01B-04D-A271-08	3	0	16	18
TCGA-44-6144-01A-11D-1753-08	138	29	44	25
TCGA-44-6145-01A-11D-1753-08	275	12	22	16
TCGA-44-6147-01A-11D-1753-08	126	23	21	17
TCGA-44-6147-01A-11D-A271-08	140	33	5	21
TCGA-44-6147-01A-21D-A27T-08	136	28	6	56
TCGA-44-6147-01A-31D-A27T-08	93	10	20	0
TCGA-44-6147-01B-06D-A271-08	104	14	15	18
TCGA-44-6774-01A-21D-1855-08	269	11	13	14
TCGA-44-6775-01A-11D-1855-08	23	6	16	15
TCGA-44-6775-01A-11D-A271-08	16	9	17	17
TCGA-44-6775-01A-21D-A27T-08	19	6	19	14
TCGA-44-6775-01A-31D-A27T-08	24	9	18	15
TCGA-44-6775-01C-02D-A271-08	14	4	23	14
TCGA-44-6776-01A-11D-1855-08	147	13	19	21
TCGA-44-6777-01A-11D-1855-08	219	84	29	40
TCGA-44-6778-01A-11D-1855-08	285	24	63	33
TCGA-44-6779-01A-11D-1855-08	44	10	1	46
TCGA-44-7659-01A-11D-2063-08	89	14	40	9
TCGA-44-7660-01A-11D-2063-08	185	42	102	32
TCGA-44-7661-01A-11D-2063-08	164	46	30	21
TCGA-44-7662-01A-11D-2063-08	394	80	86	24
TCGA-44-7667-01A-31D-2063-08	330	32	63	59
TCGA-44-7670-01A-11D-2063-08	867	177	41	51
TCGA-44-7671-01A-11D-2063-08	150	16	40	34
TCGA-44-7672-01A-11D-2063-08	114	9	25	14
TCGA-44-8117-01A-11D-2238-08	673	52	24	63
TCGA-44-8119-01A-11D-2238-08	454	37	86	89
TCGA-44-8120-01A-11D-2238-08	522	45	24	54
TCGA-44-A479-01A-31D-A24D-08	248	29	0	18
TCGA-44-A47A-01A-21D-A24D-08	75	77	26	38
TCGA-44-A47G-01A-21D-A24D-08	17	18	23	11
TCGA-44-A4SS-01A-11D-A24P-08	299	61	96	35
TCGA-44-A4SU-01A-11D-A24P-08	82	9	25	34
TCGA-49-4487-01A-21D-1855-08	231	68	44	9
TCGA-49-4488-01A-01D-1753-08	235	35	20	9
TCGA-49-4490-01A-21D-1855-08	0	10	17	13
TCGA-49-4494-01A-01D-1265-08	150	14	10	26
TCGA-49-4501-01A-01D-1265-08	3	10	9	24
TCGA-49-4505-01A-01D-1931-08	141	22	14	45
TCGA-49-4506-01A-01D-1265-08	69	7	24	16
TCGA-49-4510-01A-01D-1265-08	22	7	13	5
TCGA-49-4512-01A-21D-1855-08	8	6	4	18
TCGA-49-4514-01A-21D-1855-08	163	117	24	36
TCGA-49-6743-01A-11D-1855-08	338	232	165	40
TCGA-49-6744-01A-11D-1855-08	171	12	20	10
TCGA-49-6745-01A-11D-1855-08	1	74	18	36
TCGA-49-6761-01A-31D-1945-08	58	80	30	19
TCGA-49-AAQV-01A-11D-A397-08	9	31	10	11
TCGA-49-AAR0-01A-21D-A397-08	67	23	16	30
TCGA-49-AAR3-01A-11D-A410-08	63	18	35	7
TCGA-49-AAR4-01A-12D-A410-08	379	116	63	15
TCGA-49-AAR9-01A-21D-A410-08	570	25	33	57
TCGA-49-AARE-01A-11D-A410-08	1017	110	90	63
TCGA-49-AARN-01A-21D-A410-08	230	148	414	0
TCGA-49-AARO-01A-12D-A410-08	579	42	4	1
TCGA-49-AARQ-01A-11D-A410-08	597	103	19	38
TCGA-49-AARR-01A-11D-A410-08	1	0	0	0
TCGA-4B-A93V-01A-11D-A397-08	87	13	30	13
TCGA-50-5044-01A-21D-1855-08	0	111	14	5
TCGA-50-5045-01A-01D-1625-08	261	20	0	5
TCGA-50-5051-01A-21D-1855-08	81	9	0	26
TCGA-50-5055-01A-01D-1625-08	0	1	3	6
TCGA-50-5066-01A-01D-1625-08	180	30	57	5
TCGA-50-5066-02A-11D-2107-08	220	33	109	24
TCGA-50-5068-01A-01D-1625-08	40	9	9	33
TCGA-50-5072-01A-21D-1855-08	89	22	36	19
TCGA-50-5930-01A-11D-1753-08	1038	30	53	46
TCGA-50-5931-01A-11D-1753-08	206	28	64	24
TCGA-50-5932-01A-11D-1753-08	64	3	3	8
TCGA-50-5935-01A-11D-1753-08	0	58	22	14
TCGA-50-5939-01A-11D-1625-08	9	20	26	18
TCGA-50-5941-01A-11D-1753-08	266	35	56	23
TCGA-50-5942-01A-21D-1753-08	30	4	17	5
TCGA-50-5946-01A-11D-1753-08	436	164	32	63
TCGA-50-5946-02A-11D-2107-08	448	184	43	65
TCGA-50-6590-01A-12D-1855-08	601	197	89	16
TCGA-50-6591-01A-11D-1753-08	10	7	19	14
TCGA-50-6592-01A-11D-1753-08	129	64	76	31
TCGA-50-6593-01A-11D-1753-08	217	20	63	23
TCGA-50-6594-01A-11D-1753-08	422	62	45	18
TCGA-50-6595-01A-12D-1855-08	16	27	28	9
TCGA-50-6597-01A-11D-1855-08	1	22	13	18
TCGA-50-6673-01A-11D-1945-08	4	8	14	25
TCGA-50-7109-01A-11D-2036-08	168	10	37	36
TCGA-50-8457-01A-11D-2323-08	23	6	15	11
TCGA-50-8460-01A-11D-2323-08	6	5	5	13
TCGA-53-7624-01A-11D-2063-08	502	180	98	63
TCGA-53-7626-01A-12D-2063-08	280	47	33	5
TCGA-53-7813-01A-11D-2167-08	107	4	18	27
TCGA-55-1592-01A-01D-0969-08	244	74	193	37
TCGA-55-1592-01A-01W-0928-08	230	70	179	43
TCGA-55-1594-01A-01D-1040-01	53	72	8	26
TCGA-55-1594-01A-01W-0928-08	45	70	21	17
TCGA-55-1595-01A-01D-0969-08	247	19	42	26
TCGA-55-1596-01A-01D-1040-01	88	13	76	21
TCGA-55-1596-01A-01W-0928-08	89	11	76	16
TCGA-55-5899-01A-11D-1625-08	297	124	26	27
TCGA-55-6543-01A-11D-1753-08	0	2	0	20
TCGA-55-6642-01A-11D-1855-08	93	9	14	12
TCGA-55-6712-01A-11D-1855-08	28	79	15	15
TCGA-55-6968-01A-11D-1945-08	117	392	18	0
TCGA-55-6969-01A-11D-1945-08	263	21	113	14
TCGA-55-6971-01A-11D-1945-08	42	8	31	3
TCGA-55-6972-01A-11D-1945-08	84	135	41	16
TCGA-55-6975-01A-11D-1945-08	26	11	15	19
TCGA-55-6978-01A-11D-1945-08	0	0	18	9
TCGA-55-6979-01A-11D-1945-08	67	37	7	3
TCGA-55-6980-01A-11D-1945-08	0	0	7	4
TCGA-55-6981-01A-11D-1945-08	4	9	8	28
TCGA-55-6982-01A-11D-1945-08	12	188	4	17
TCGA-55-6984-01A-11D-1945-08	3	1	10	6
TCGA-55-6985-01A-11D-1945-08	368	10	45	35
TCGA-55-6986-01A-11D-1945-08	0	2	6	10
TCGA-55-6987-01A-11D-1945-08	84	68	18	13
TCGA-55-7281-01A-11D-2036-08	314	53	69	26
TCGA-55-7283-01A-11D-2036-08	96	52	19	61
TCGA-55-7284-01B-11D-2238-08	2	2	9	30
TCGA-55-7570-01A-11D-2036-08	183	97	95	18
TCGA-55-7573-01A-11D-2036-08	23	8	17	3
TCGA-55-7574-01A-11D-2036-08	77	125	23	8
TCGA-55-7576-01A-11D-2063-08	256	31	64	45
TCGA-55-7724-01A-11D-2167-08	54	34	81	42
TCGA-55-7725-01A-11D-2167-08	94	7	24	16
TCGA-55-7726-01A-11D-2167-08	9	78	0	28
TCGA-55-7727-01A-11D-2167-08	109	104	28	24
TCGA-55-7903-01A-11D-2167-08	79	25	8	44
TCGA-55-7907-01A-11D-2167-08	920	240	23	48
TCGA-55-7910-01A-11D-2167-08	258	12	6	47
TCGA-55-7911-01A-11D-2167-08	153	28	37	25
TCGA-55-7913-01B-11D-2238-08	237	45	32	40
TCGA-55-7914-01A-11D-2167-08	97	27	13	45
TCGA-55-7994-01A-11D-2184-08	1273	118	125	120
TCGA-55-7995-01A-11D-2184-08	433	116	129	24
TCGA-55-8085-01A-11D-2238-08	105	132	10	39
TCGA-55-8087-01A-11D-2238-08	0	8	0	19
TCGA-55-8089-01A-11D-2238-08	778	429	51	47
TCGA-55-8090-01A-11D-2238-08	49	3	28	12
TCGA-55-8091-01A-11D-2238-08	0	1	0	20
TCGA-55-8092-01A-11D-2238-08	317	150	51	84
TCGA-55-8094-01A-11D-2238-08	359	27	57	34
TCGA-55-8096-01A-11D-2238-08	90	11	22	27
TCGA-55-8097-01A-11D-2238-08	49	12	3	49
TCGA-55-8203-01A-11D-2238-08	379	10	9	54
TCGA-55-8204-01A-11D-2238-08	68	88	47	29
TCGA-55-8206-01A-11D-2238-08	6	5	0	15
TCGA-55-8208-01A-11D-2238-08	80	168	74	16
TCGA-55-8299-01A-11D-2284-08	123	15	48	4
TCGA-55-8301-01A-11D-2284-08	180	35	58	21
TCGA-55-8506-01A-11D-2393-08	1040	33	0	687
TCGA-55-8507-01A-11D-2393-08	832	50	77	75
TCGA-55-8510-01A-11D-2393-08	235	33	40	16
TCGA-55-8511-01A-11D-2393-08	385	88	64	47
TCGA-55-8512-01A-11D-2393-08	18	6	12	4
TCGA-55-8514-01A-11D-2393-08	215	15	11	55
TCGA-55-8614-01A-11D-2393-08	80	36	54	77
TCGA-55-8615-01A-11D-2393-08	59	6	48	14
TCGA-55-8616-01A-11D-2393-08	442	22	0	59
TCGA-55-8620-01A-11D-2393-08	363	32	56	71
TCGA-55-8621-01A-11D-2393-08	36	5	2	10
TCGA-55-A48X-01A-11D-A24D-08	306	35	29	18
TCGA-55-A48Y-01A-11D-A24D-08	0	341	0	27
TCGA-55-A48Z-01A-12D-A24P-08	18	6	11	22
TCGA-55-A490-01A-11D-A24D-08	1154	137	21	59
TCGA-55-A491-01A-11D-A24D-08	273	38	47	37
TCGA-55-A492-01A-11D-A24D-08	189	23	50	28
TCGA-55-A493-01A-11D-A24D-08	134	77	25	32
TCGA-55-A494-01A-11D-A24P-08	160	19	0	69
TCGA-55-A4DF-01A-11D-A24D-08	152	601	34	52
TCGA-55-A4DG-01A-11D-A24D-08	597	29	43	54
TCGA-55-A57B-01A-12D-A397-08	6	7	0	24
TCGA-62-8394-01A-11D-2323-08	29	49	31	28
TCGA-62-8395-01A-11D-2323-08	6	19	8	40
TCGA-62-8397-01A-11D-2323-08	8	3	1	13
TCGA-62-8398-01A-11D-2323-08	42	14	9	19
TCGA-62-8399-01A-21D-2323-08	257	223	7	62
TCGA-62-8402-01A-11D-2323-08	8	9	16	24
TCGA-62-A46O-01A-11D-A24D-08	599	185	89	62
TCGA-62-A46P-01A-11D-A24D-08	234	8	0	42
TCGA-62-A46R-01A-11D-A24D-08	81	32	25	34
TCGA-62-A46S-01A-11D-A24D-08	64	17	18	27
TCGA-62-A46U-01A-11D-A24D-08	14	10	1	19
TCGA-62-A46V-01A-11D-A24D-08	10	9	11	27
TCGA-62-A46Y-01A-11D-A24D-08	7	3	5	17
TCGA-62-A471-01A-12D-A24D-08	8	68	23	24
TCGA-62-A472-01A-11D-A24D-08	17	6	20	14
TCGA-64-1676-01A-01D-0969-08	512	29	49	38
TCGA-64-1676-01A-01W-0928-08	496	29	44	36
TCGA-64-1677-01A-01W-0928-08	64	87	34	29
TCGA-64-1678-01A-01W-0928-08	361	46	14	16
TCGA-64-1679-01A-21D-2063-08	429	45	30	23
TCGA-64-1680-01A-02D-0969-08	6	20	0	26
TCGA-64-1680-01A-02W-0928-08	9	16	0	21
TCGA-64-1681-01A-11D-2063-08	6	20	32	7
TCGA-64-5774-01A-01D-1625-08	113	8	0	23
TCGA-64-5775-01A-01D-1625-08	414	31	10	51
TCGA-64-5778-01A-01D-1625-08	367	43	41	35
TCGA-64-5781-01A-01D-1625-08	806	171	117	58
TCGA-64-5815-01A-01D-1625-08	128	7	7	39
TCGA-67-3770-01A-01D-0969-08	156	11	36	30
TCGA-67-3770-01A-01W-0928-08	151	11	33	31
TCGA-67-3771-01A-01D-1040-01	506	367	200	67
TCGA-67-3771-01A-01W-0928-08	494	368	252	67
TCGA-67-3773-01A-01D-1040-01	65	6	9	22
TCGA-67-3774-01A-01D-1040-01	60	10	33	15
TCGA-67-3774-01A-01W-0928-08	52	5	35	11
TCGA-67-4679-01B-01D-1753-08	214	16	31	31
TCGA-67-6215-01A-11D-1753-08	0	4	105	0
TCGA-67-6216-01A-11D-1753-08	1	10	11	4
TCGA-67-6217-01A-11D-1753-08	144	10	20	18
TCGA-69-7760-01A-11D-2167-08	17	8	18	28
TCGA-69-7764-01A-11D-2167-08	29	10	23	29
TCGA-69-7765-01A-11D-2167-08	494	72	66	8
TCGA-69-7973-01A-11D-2184-08	216	14	0	35
TCGA-69-7974-01A-11D-2184-08	380	40	51	57
TCGA-69-7978-01A-11D-2184-08	353	189	31	43
TCGA-69-8253-01A-11D-2284-08	98	27	19	23
TCGA-69-8254-01A-11D-2284-08	20	5	26	24
TCGA-69-8255-01A-11D-2284-08	134	48	83	35
TCGA-69-A59K-01A-11D-A25L-08	398	56	0	54
TCGA-71-6725-01A-11D-1855-08	6	8	2	41
TCGA-71-8520-01A-11D-2393-08	21	19	7	45
TCGA-73-4658-01A-01D-1753-08	147	146	25	14
TCGA-73-4659-01A-01D-1265-08	152	13	32	25
TCGA-73-4662-01A-01D-1265-08	150	22	22	19
TCGA-73-4670-01A-01D-1265-08	223	26	85	32
TCGA-73-4675-01A-01D-1265-08	16	5	28	20
TCGA-73-4676-01A-01D-1753-08	33	6	36	23
TCGA-73-4677-01A-01D-1265-08	184	22	26	33
TCGA-73-7498-01A-12D-2184-08	67	5	17	28
TCGA-75-5122-01A-01D-1753-08	55	26	24	29
TCGA-75-5125-01A-01D-1753-08	67	46	23	28
TCGA-75-5126-01A-01D-1753-08	390	179	21	32
TCGA-75-5146-01A-01D-1625-08	153	15	18	7
TCGA-75-5147-01A-01D-1625-08	1	12	10	13
TCGA-75-6203-01A-11D-1753-08	1	0	0	12
TCGA-75-6205-01A-11D-1753-08	5	5	28	5
TCGA-75-6206-01A-11D-1753-08	48	12	28	4
TCGA-75-6207-01A-11D-1753-08	12	16	15	15
TCGA-75-6211-01A-11D-1753-08	289	26	45	32
TCGA-75-6214-01A-41D-1945-08	420	193	70	52
TCGA-75-7025-01A-12D-1945-08	0	9	0	21
TCGA-75-7027-01A-11D-1945-08	167	15	37	31
TCGA-75-7030-01A-11D-1945-08	3	0	1	4
TCGA-78-7145-01A-11D-2036-08	141	16	13	27
TCGA-78-7146-01A-11D-2036-08	209	104	17	52
TCGA-78-7147-01A-11D-2036-08	174	63	90	36
TCGA-78-7148-01A-11D-2036-08	134	15	56	15
TCGA-78-7149-01A-11D-2036-08	38	81	10	19
TCGA-78-7150-01A-21D-2036-08	149	162	78	46
TCGA-78-7152-01A-11D-2036-08	77	89	28	12
TCGA-78-7153-01A-11D-2036-08	23	28	29	24
TCGA-78-7154-01A-11D-2036-08	49	117	40	60
TCGA-78-7155-01A-11D-2036-08	1186	154	168	72
TCGA-78-7160-01A-11D-2036-08	5	6	23	7
TCGA-78-7161-01A-11D-2036-08	128	17	23	30
TCGA-78-7162-01A-21D-2063-08	35	18	25	9
TCGA-78-7163-01A-12D-2063-08	3	1	4	11
TCGA-78-7166-01A-12D-2063-08	200	9	20	11
TCGA-78-7167-01A-11D-2063-08	37	33	3	27
TCGA-78-7220-01A-11D-2036-08	570	143	135	41
TCGA-78-7535-01A-11D-2063-08	99	8	67	10
TCGA-78-7536-01A-11D-2063-08	473	30	108	42
TCGA-78-7539-01A-11D-2063-08	140	311	11	53
TCGA-78-7540-01A-11D-2063-08	5	1	0	24
TCGA-78-7542-01A-21D-2063-08	298	41	6	40
TCGA-78-7633-01A-11D-2063-08	72	9	19	9
TCGA-78-8640-01A-11D-2393-08	417	143	123	74
TCGA-78-8648-01A-11D-2393-08	4	0	3	0
TCGA-78-8655-01A-11D-2393-08	53	9	22	21
TCGA-78-8662-01A-11D-2393-08	853	120	188	65
TCGA-80-5607-01A-31D-1945-08	0	121	4	6
TCGA-80-5608-01A-31D-1945-08	130	16	2	32
TCGA-80-5611-01A-01D-1625-08	75	13	86	24
TCGA-83-5908-01A-21D-2284-08	121	97	4	23
TCGA-86-6562-01A-11D-1753-08	10	15	9	19
TCGA-86-6851-01A-11D-1945-08	662	124	121	11
TCGA-86-7701-01A-11D-2167-08	146	8	26	24
TCGA-86-7711-01A-11D-2063-08	95	54	55	27
TCGA-86-7713-01A-11D-2063-08	100	11	31	18
TCGA-86-7954-01A-11D-2184-08	99	40	34	47
TCGA-86-7955-01A-11D-2184-08	184	45	63	36
TCGA-86-8055-01A-11D-2238-08	2	9	11	22
TCGA-86-8056-01A-11D-2238-08	66	172	17	32
TCGA-86-8073-01A-11D-2238-08	1294	136	66	57
TCGA-86-8074-01A-11D-2238-08	14	9	33	15
TCGA-86-8075-01A-11D-2238-08	2	4	6	30
TCGA-86-8076-01A-31D-2238-08	16	25	10	16
TCGA-86-8279-01A-11D-2284-08	424	27	62	30
TCGA-86-8280-01A-11D-2284-08	7	4	19	18
TCGA-86-8281-01A-11D-2284-08	179	34	13	41
TCGA-86-8359-01A-11D-2323-08	122	13	4	31
TCGA-86-8585-01A-11D-2393-08	372	117	75	30
TCGA-86-8668-01A-11D-2393-08	2	6	5	18
TCGA-86-8671-01A-11D-2393-08	5	5	14	9
TCGA-86-8672-01A-21D-2393-08	202	48	30	35
TCGA-86-8673-01A-11D-2393-08	309	47	101	32
TCGA-86-8674-01A-21D-2393-08	238	45	11	10
TCGA-86-A456-01A-11D-A24D-08	264	39	33	28
TCGA-86-A4JF-01A-11D-A24P-08	335	135	223	629
TCGA-86-A4P7-01A-11D-A24P-08	8	29	13	10
TCGA-91-6828-01A-11D-1855-08	210	32	6	28
TCGA-91-6829-01A-21D-1855-08	409	66	161	28
TCGA-91-6830-01A-11D-1945-08	13	193	12	4
TCGA-91-6831-01A-11D-1855-08	160	19	78	20
TCGA-91-6835-01A-11D-1855-08	24	17	25	12
TCGA-91-6836-01A-21D-1855-08	349	34	45	42
TCGA-91-6840-01A-11D-1945-08	17	82	0	25
TCGA-91-6847-01A-11D-1945-08	13	16	8	37
TCGA-91-6848-01A-11D-1945-08	348	107	124	24
TCGA-91-6849-01A-11D-1945-08	68	11	24	14
TCGA-91-7771-01A-11D-2167-08	87	30	58	19
TCGA-91-A4BC-01A-11D-A24D-08	349	30	46	30
TCGA-91-A4BD-01A-11D-A24D-08	0	5	2	16
TCGA-93-7347-01A-11D-2184-08	82	14	16	10
TCGA-93-7348-01A-21D-2036-08	42	20	20	30
TCGA-93-8067-01A-11D-2284-08	51	469	0	32
TCGA-93-8067-01C-01D-A38P-08	35	243	0	8
TCGA-93-8067-01D-01D-A38P-08	34	150	0	5
TCGA-93-A4JO-01A-21D-A24P-08	10	13	25	2
TCGA-93-A4JP-01A-11D-A24P-08	13	22	11	9
TCGA-93-A4JP-01D-01D-A38P-08	29	41	1	45
TCGA-93-A4JP-01E-01D-A38P-08	30	38	6	30
TCGA-95-7039-01A-11D-1945-08	959	91	174	68
TCGA-95-7043-01A-11D-1945-08	942	84	12	99
TCGA-95-7562-01A-11D-2238-08	354	15	0	32
TCGA-95-7567-01A-11D-2063-08	328	16	244	351
TCGA-95-7944-01A-11D-2184-08	14	221	13	15
TCGA-95-7947-01A-11D-2184-08	182	238	116	41
TCGA-95-7948-01A-11D-2184-08	0	129	0	15
TCGA-95-8494-01A-11D-2323-08	2	69	0	41
TCGA-95-A4VK-01A-11D-A25L-08	201	15	16	42
TCGA-95-A4VN-01A-11D-A25L-08	371	47	42	22
TCGA-97-7547-01A-11D-2036-08	93	51	7	24
TCGA-97-7552-01A-11D-2036-08	4	1	7	19
TCGA-97-7553-01A-21D-2036-08	16	4	0	25
TCGA-97-7554-01A-11D-2036-08	323	28	68	32
TCGA-97-7938-01A-11D-2167-08	318	59	8	33
TCGA-97-8171-01A-11D-2284-08	13	3	5	34
TCGA-97-8174-01A-11D-2284-08	102	24	3	40
TCGA-97-8175-01A-11D-2284-08	9	5	10	6
TCGA-97-8177-01A-11D-2284-08	4	5	15	10
TCGA-97-8552-01A-11D-2393-08	5	2	5	11
TCGA-97-A4LX-01A-11D-A24P-08	136	9	34	8
TCGA-97-A4M0-01A-11D-A24P-08	259	82	57	8
TCGA-97-A4M1-01A-11D-A24P-08	8	12	0	23
TCGA-97-A4M3-01A-11D-A24P-08	152	38	8	20
TCGA-97-A4M6-01A-11D-A24P-08	3	5	13	12
TCGA-97-A4M7-01A-11D-A24P-08	276	17	4	19
TCGA-99-7458-01A-11D-2036-08	373	25	56	44
TCGA-99-8025-01A-11D-2238-08	236	164	46	70
TCGA-99-8028-01A-11D-2238-08	343	10	39	9
TCGA-99-8033-01A-11D-2238-08	106	14	31	27
TCGA-99-AA5R-01A-11D-A397-08	30	3	9	0
TCGA-J2-8192-01A-11D-2238-08	16	13	9	36
TCGA-J2-8194-01A-11D-2238-08	83	11	28	36
TCGA-J2-A4AD-01A-11D-A24D-08	106	155	57	27
TCGA-J2-A4AE-01A-21D-A24D-08	3	19	4	30
TCGA-J2-A4AG-01A-11D-A24D-08	45	8	12	16
TCGA-L4-A4E5-01A-11D-A24P-08	288	22	28	25
TCGA-L4-A4E6-01A-11D-A24D-08	6	2	0	0
TCGA-L9-A443-01A-12D-A24D-08	187	21	30	17
TCGA-L9-A50W-01A-12D-A397-08	5	10	14	4
TCGA-L9-A5IP-01A-21D-A397-08	235	26	22	19
TCGA-L9-A743-01A-43D-A397-08	53	54	10	4
TCGA-L9-A7SV-01A-11D-A397-08	1621	70	0	46
TCGA-L9-A8F4-01A-11D-A397-08	583	76	117	44
TCGA-MN-A4N1-01A-11D-A24P-08	347	39	30	56
TCGA-MN-A4N4-01A-12D-A24P-08	990	396	85	57
TCGA-MN-A4N5-01A-11D-A24P-08	349	58	41	28
TCGA-MP-A4SV-01A-11D-A24P-08	155	131	48	19
TCGA-MP-A4SW-01A-21D-A24P-08	12	14	0	41
TCGA-MP-A4T2-01A-11D-A24P-08	21	27	25	15
TCGA-MP-A4T4-01A-11D-A25L-08	300	38	33	30
TCGA-MP-A4T6-01A-32D-A25L-08	6	26	16	30
TCGA-MP-A4T7-01A-11D-A24P-08	111	7	1	22
TCGA-MP-A4T8-01A-11D-A24P-08	68	11	18	17
TCGA-MP-A4T9-01A-11D-A24P-08	10	6	11	8
TCGA-MP-A4TA-01A-21D-A24P-08	220	30	81	39
TCGA-MP-A4TC-01A-11D-A24P-08	196	33	26	16
TCGA-MP-A4TD-01A-32D-A25L-08	45	5	17	17
TCGA-MP-A4TE-01A-22D-A25L-08	75	5	0	64
TCGA-MP-A4TF-01A-11D-A25L-08	333	33	36	33
TCGA-MP-A4TH-01A-31D-A25L-08	52	6	32	23
TCGA-MP-A4TK-01A-11D-A24P-08	266	63	18	20
TCGA-NJ-A4YF-01A-12D-A25L-08	531	40	48	26
TCGA-NJ-A4YP-01A-11D-A25L-08	120	424	43	1
TCGA-NJ-A4YQ-01A-11D-A25L-08	926	44	127	47
TCGA-NJ-A55R-01A-11D-A25L-08	201	18	48	16
TCGA-NJ-A7XG-01A-12D-A397-08	11	0	0	22
TCGA-O1-A52J-01A-11D-A25L-08	135	11	15	27
TCGA-S2-AA1A-01A-12D-A397-08	101	5	7	15
