Samples	SBS96A	SBS96B	SBS96C	SBS96D	SBS96E	SBS96F	SBS96G	SBS96H
TCGA-05-4244-01A-01D-1105-08	82	52	8	20	13	26	18	1
TCGA-05-4250-01A-01D-1105-08	154	42	46	50	21	40	21	6
TCGA-05-4382-01A-01D-1931-08	1066	295	195	63	15	58	48	51
TCGA-05-4384-01A-01D-1753-08	49	20	11	0	18	23	10	5
TCGA-05-4389-01A-01D-1265-08	44	17	66	62	0	3	31	16
TCGA-05-4390-01A-02D-1753-08	336	29	4	142	34	0	16	10
TCGA-05-4395-01A-01D-1265-08	85	15	93	0	39	20	19	10
TCGA-05-4396-01A-21D-1855-08	87	28	15	20	61	7	22	10
TCGA-05-4397-01A-01D-1265-08	253	149	141	143	90	54	19	26
TCGA-05-4398-01A-01D-1265-08	278	144	76	43	68	45	36	50
TCGA-05-4402-01A-01D-1265-08	0	2	76	37	0	0	9	0
TCGA-05-4403-01A-01D-1265-08	10	29	5	0	47	8	34	4
TCGA-05-4405-01A-21D-1855-08	152	104	17	0	33	42	21	18
TCGA-05-4410-01A-21D-1855-08	467	291	127	0	140	65	27	12
TCGA-05-4415-01A-22D-1855-08	95	42	0	12	28	20	11	0
TCGA-05-4417-01A-22D-1855-08	100	138	2	0	21	34	14	7
TCGA-05-4418-01A-01D-1265-08	124	0	13	61	27	44	12	9
TCGA-05-4420-01A-01D-1265-08	137	31	15	92	0	12	8	5
TCGA-05-4422-01A-01D-1265-08	4	11	13	0	6	0	8	3
TCGA-05-4424-01A-22D-1855-08	368	138	79	45	3	41	23	15
TCGA-05-4425-01A-01D-1753-08	0	0	1	9	7	0	21	2
TCGA-05-4426-01A-01D-1265-08	0	10	6	0	12	0	14	3
TCGA-05-4427-01A-21D-1855-08	455	159	48	175	99	6	36	66
TCGA-05-4430-01A-02D-1265-08	145	0	11	96	0	5	11	5
TCGA-05-4432-01A-01D-1265-08	221	99	14	80	106	29	30	23
TCGA-05-4433-01A-22D-1855-08	3	0	1	0	0	4	30	0
TCGA-05-4434-01A-01D-1265-08	0	8	6	5	4	16	5	0
TCGA-05-5420-01A-01D-1625-08	29	0	4	11	23	7	14	0
TCGA-05-5423-01A-01D-1625-08	77	0	14	0	25	13	21	5
TCGA-05-5425-01A-02D-1625-08	249	97	22	76	90	36	15	2
TCGA-05-5428-01A-01D-1625-08	167	31	117	0	40	2	20	23
TCGA-05-5429-01A-01D-1625-08	2	2	5	0	0	0	20	5
TCGA-05-5715-01A-01D-1625-08	8	2	79	2	7	0	24	0
TCGA-17-Z000-01A-01W-0746-08	34	10	33	0	13	16	16	0
TCGA-17-Z001-01A-01W-0746-08	79	30	10	0	43	22	12	8
TCGA-17-Z002-01A-01W-0746-08	0	0	4	0	0	1	0	1
TCGA-17-Z003-01A-01W-0746-08	61	0	13	69	26	47	10	22
TCGA-17-Z004-01A-01W-0746-08	0	1	1	4	0	12	2	1
TCGA-17-Z007-01A-01W-0746-08	3	11	0	0	0	0	30	22
TCGA-17-Z009-01A-01W-0746-08	13	15	0	2	5	3	0	1
TCGA-17-Z011-01A-01W-0746-08	29	18	7	9	23	4	11	10
TCGA-17-Z013-01A-01W-0746-08	4	14	0	0	30	3	6	0
TCGA-17-Z015-01A-01W-0746-08	211	68	10	127	0	0	87	13
TCGA-17-Z017-01A-01W-0746-08	92	18	6	69	30	3	6	6
TCGA-17-Z018-01A-01W-0746-08	128	89	11	6	0	19	9	1
TCGA-17-Z019-01A-01W-0746-08	0	0	0	0	1	0	0	0
TCGA-17-Z020-01A-01W-0746-08	8	53	27	23	0	5	5	1
TCGA-17-Z021-01A-01W-0746-08	28	80	3	0	11	11	0	0
TCGA-17-Z022-01A-01W-0746-08	628	101	222	172	58	58	26	43
TCGA-17-Z023-01A-01W-0746-08	158	19	49	99	27	56	2	0
TCGA-17-Z025-01A-01W-0746-08	134	32	1	28	27	20	7	4
TCGA-17-Z026-01A-01W-0746-08	255	98	505	38	89	14	4	17
TCGA-17-Z027-01A-01W-0746-08	19	0	1	37	0	16	11	13
TCGA-17-Z028-01A-01W-0746-08	119	203	49	0	39	46	16	18
TCGA-17-Z030-01A-01W-0746-08	279	88	14	69	78	10	12	19
TCGA-17-Z031-01A-01W-0746-08	1208	435	13	94	18	207	51	386
TCGA-17-Z032-01A-01W-0746-08	33	0	24	18	0	13	16	6
TCGA-17-Z033-01A-01W-0746-08	53	39	35	16	3	5	3	15
TCGA-17-Z036-01A-01W-0746-08	23	0	8	18	8	0	7	13
TCGA-17-Z037-01A-01W-0746-08	0	16	5	5	0	0	84	31
TCGA-17-Z041-01A-01W-0746-08	11	0	9	19	0	1	9	0
TCGA-17-Z042-01A-01W-0746-08	226	98	16	104	24	14	15	2
TCGA-17-Z043-01A-01W-0746-08	52	21	22	73	10	28	2	5
TCGA-17-Z044-01A-01W-0746-08	35	6	9	0	46	26	1	3
TCGA-17-Z045-01A-01W-0746-08	297	177	23	51	77	59	2	30
TCGA-17-Z047-01A-01W-0747-08	0	2	3	4	8	0	6	0
TCGA-17-Z048-01A-01W-0746-08	0	0	2	14	0	3	7	3
TCGA-17-Z049-01A-01W-0746-08	250	60	36	88	29	35	5	6
TCGA-17-Z050-01A-01W-0747-08	61	0	25	11	0	45	20	11
TCGA-17-Z051-01A-01W-0747-08	38	23	10	0	36	22	8	0
TCGA-17-Z052-01A-01W-0747-08	55	12	2	0	16	31	0	2
TCGA-17-Z053-01A-01W-0747-08	98	0	29	25	39	45	19	0
TCGA-17-Z054-01A-01W-0747-08	0	0	0	2	1	0	1	0
TCGA-17-Z055-01A-01W-0747-08	281	94	18	145	9	75	9	4
TCGA-17-Z056-01A-01W-0747-08	180	15	83	135	39	13	5	9
TCGA-17-Z057-01A-01W-0747-08	66	0	197	121	0	9	21	0
TCGA-17-Z058-01A-01W-0747-08	19	19	3	0	15	9	8	5
TCGA-17-Z059-01A-01W-0747-08	64	35	33	9	3	0	10	5
TCGA-17-Z061-01A-01W-0747-08	34	5	13	39	55	27	0	9
TCGA-17-Z062-01A-01W-0747-08	203	72	16	144	0	0	5	3
TCGA-35-4122-01A-01D-1105-08	82	2	41	103	42	41	11	8
TCGA-35-4123-01A-01D-1105-08	161	0	5	68	57	0	13	0
TCGA-35-5375-01A-01D-1625-08	129	83	33	0	78	61	26	30
TCGA-38-4625-01A-01D-1553-08	355	70	116	0	9	22	19	20
TCGA-38-4626-01A-01D-1553-08	106	62	5	20	20	0	0	5
TCGA-38-4627-01A-01D-1553-08	0	8	4	0	0	0	13	3
TCGA-38-4628-01A-01D-1265-08	4	30	16	19	31	0	25	1
TCGA-38-4629-01A-02D-1265-08	61	73	25	23	58	4	26	15
TCGA-38-4630-01A-01D-1265-08	0	32	55	0	0	0	30	8
TCGA-38-4631-01A-01D-1753-08	449	75	18	81	105	31	4	11
TCGA-38-4632-01A-01D-1753-08	195	106	28	0	110	48	11	28
TCGA-38-6178-01A-11D-1753-08	4	12	5	5	9	5	10	4
TCGA-38-7271-01A-11D-2036-08	21	0	19	14	0	0	0	0
TCGA-44-2655-01A-01D-1553-08	114	34	11	0	6	12	6	5
TCGA-44-2655-01A-01W-0928-08	97	54	13	0	7	15	6	3
TCGA-44-2656-01A-02D-0969-08	372	365	13	63	52	3	33	14
TCGA-44-2656-01A-02D-A271-08	346	329	5	81	45	4	23	0
TCGA-44-2656-01A-02W-0928-08	326	314	8	72	65	2	9	13
TCGA-44-2656-01A-12D-A27T-08	357	322	6	93	59	0	28	8
TCGA-44-2656-01A-41D-A27T-08	383	333	10	96	29	12	29	2
TCGA-44-2656-01B-06D-A271-08	300	327	22	29	39	24	11	5
TCGA-44-2657-01A-01D-1105-08	244	33	37	79	0	5	21	0
TCGA-44-2661-01A-01D-1105-08	0	0	3	7	16	5	6	6
TCGA-44-2662-01A-01D-0969-08	23	7	147	43	0	0	2	4
TCGA-44-2662-01A-01D-A271-08	28	4	128	47	0	7	0	3
TCGA-44-2662-01A-01W-0928-08	29	0	128	39	0	7	0	4
TCGA-44-2662-01B-02D-A271-08	14	13	118	29	0	5	2	9
TCGA-44-2665-01A-01D-1040-01	0	0	11	4	0	10	16	6
TCGA-44-2665-01A-01D-A271-08	1	0	12	5	0	10	15	5
TCGA-44-2665-01A-01W-0928-08	0	0	13	6	0	20	9	4
TCGA-44-2665-01B-06D-A271-08	1	0	13	4	0	16	11	7
TCGA-44-2666-01A-01D-1489-08	0	7	3	0	0	9	8	3
TCGA-44-2666-01A-01D-A271-08	0	5	2	4	2	4	8	2
TCGA-44-2666-01A-01W-0928-08	0	1	3	10	1	2	12	3
TCGA-44-2666-01A-21D-A27T-08	2	6	3	1	2	4	12	4
TCGA-44-2666-01A-41D-A27T-08	0	2	4	8	0	7	8	5
TCGA-44-2666-01B-02D-A271-08	0	4	1	1	4	0	10	5
TCGA-44-2668-01A-01D-0969-08	99	187	73	0	4	21	12	6
TCGA-44-2668-01A-01D-A271-08	78	201	66	0	1	2	9	6
TCGA-44-2668-01A-01W-0928-08	111	188	74	0	0	13	8	3
TCGA-44-2668-01B-02D-A271-08	57	128	39	0	0	7	3	2
TCGA-44-3396-01A-01D-1553-08	25	5	77	0	59	0	27	0
TCGA-44-3398-01A-01D-1105-08	60	40	50	0	0	27	14	0
TCGA-44-3917-01A-01D-A271-08	56	55	19	61	30	0	11	0
TCGA-44-3917-01B-02D-A271-08	51	59	21	67	28	0	13	0
TCGA-44-3918-01B-02D-A271-08	528	186	74	111	12	4	12	0
TCGA-44-3919-01A-02D-1105-08	0	7	3	0	6	14	2	1
TCGA-44-3919-01A-02D-1458-08	0	8	7	0	7	13	3	0
TCGA-44-4112-01A-01D-1105-08	220	85	29	61	0	15	20	0
TCGA-44-4112-01A-01D-1458-08	235	92	28	37	10	29	19	0
TCGA-44-4112-01A-22D-A27T-08	239	99	30	49	0	18	30	0
TCGA-44-4112-01A-31D-A27T-08	234	99	89	20	0	23	36	0
TCGA-44-4112-01B-06D-A271-08	191	49	26	57	0	13	13	0
TCGA-44-5643-01A-01D-1625-08	22	0	25	6	55	0	28	2
TCGA-44-5644-01A-21D-2036-08	498	119	47	146	98	19	53	16
TCGA-44-5645-01A-01D-1625-08	0	1	0	0	6	16	9	4
TCGA-44-5645-01A-01D-A271-08	0	3	0	0	6	15	8	4
TCGA-44-5645-01A-21D-A27T-08	0	2	0	0	8	16	10	4
TCGA-44-5645-01A-51D-A27T-08	0	3	0	0	7	13	11	4
TCGA-44-5645-01B-04D-A271-08	0	3	0	0	10	11	11	2
TCGA-44-6144-01A-11D-1753-08	89	37	22	0	29	24	16	19
TCGA-44-6145-01A-11D-1753-08	168	102	6	0	7	18	11	13
TCGA-44-6147-01A-11D-1753-08	88	4	15	6	49	0	11	14
TCGA-44-6147-01A-11D-A271-08	102	0	24	0	50	0	14	9
TCGA-44-6147-01A-21D-A27T-08	90	0	18	0	71	0	35	12
TCGA-44-6147-01A-31D-A27T-08	58	0	4	0	52	0	0	9
TCGA-44-6147-01B-06D-A271-08	58	19	7	0	48	0	10	9
TCGA-44-6774-01A-21D-1855-08	197	0	3	74	27	0	6	0
TCGA-44-6775-01A-11D-1855-08	13	5	4	1	5	24	6	2
TCGA-44-6775-01A-11D-A271-08	9	0	6	0	14	19	8	3
TCGA-44-6775-01A-21D-A27T-08	7	6	4	4	11	18	6	2
TCGA-44-6775-01A-31D-A27T-08	16	0	7	10	4	23	6	0
TCGA-44-6775-01C-02D-A271-08	8	0	3	0	12	26	6	0
TCGA-44-6776-01A-11D-1855-08	111	0	8	0	44	24	10	3
TCGA-44-6777-01A-11D-1855-08	103	125	73	6	6	28	27	4
TCGA-44-6778-01A-11D-1855-08	163	66	10	96	33	9	15	13
TCGA-44-6779-01A-11D-1855-08	25	0	4	0	36	0	28	8
TCGA-44-7659-01A-11D-2063-08	70	0	10	0	27	36	2	7
TCGA-44-7660-01A-11D-2063-08	93	48	29	79	44	58	10	0
TCGA-44-7661-01A-11D-2063-08	96	43	37	55	9	8	12	1
TCGA-44-7662-01A-11D-2063-08	285	0	58	97	80	33	8	23
TCGA-44-7667-01A-31D-2063-08	217	7	10	79	109	0	31	31
TCGA-44-7670-01A-11D-2063-08	588	187	142	68	38	29	33	51
TCGA-44-7671-01A-11D-2063-08	72	36	6	64	44	1	17	0
TCGA-44-7672-01A-11D-2063-08	51	54	5	0	34	10	7	1
TCGA-44-8117-01A-11D-2238-08	485	92	38	63	35	53	39	7
TCGA-44-8119-01A-11D-2238-08	274	122	19	28	86	61	51	25
TCGA-44-8120-01A-11D-2238-08	388	0	30	71	85	45	26	0
TCGA-44-A479-01A-31D-A24D-08	198	18	24	0	0	33	11	11
TCGA-44-A47A-01A-21D-A24D-08	37	0	60	62	35	1	21	0
TCGA-44-A47G-01A-21D-A24D-08	4	2	13	28	13	0	7	2
TCGA-44-A4SS-01A-11D-A24P-08	173	83	46	97	21	40	17	14
TCGA-44-A4SU-01A-11D-A24P-08	54	0	5	16	31	22	19	3
TCGA-49-4487-01A-21D-1855-08	143	42	55	63	35	13	1	0
TCGA-49-4488-01A-01D-1753-08	166	48	27	0	11	25	5	17
TCGA-49-4490-01A-21D-1855-08	0	0	8	5	10	8	8	1
TCGA-49-4494-01A-01D-1265-08	80	54	9	10	30	0	17	0
TCGA-49-4501-01A-01D-1265-08	0	0	8	0	13	4	15	6
TCGA-49-4505-01A-01D-1931-08	108	0	16	27	23	9	30	9
TCGA-49-4506-01A-01D-1265-08	58	0	5	10	2	25	10	6
TCGA-49-4510-01A-01D-1265-08	12	12	6	0	0	15	2	0
TCGA-49-4512-01A-21D-1855-08	4	3	4	2	5	0	11	7
TCGA-49-4514-01A-21D-1855-08	91	56	102	27	33	2	25	4
TCGA-49-6743-01A-11D-1855-08	181	142	201	79	33	75	22	42
TCGA-49-6744-01A-11D-1855-08	121	8	6	1	64	9	3	1
TCGA-49-6745-01A-11D-1855-08	0	2	65	7	14	9	24	8
TCGA-49-6761-01A-31D-1945-08	15	43	66	0	25	9	11	18
TCGA-49-AAQV-01A-11D-A397-08	2	0	26	3	15	10	5	0
TCGA-49-AAR0-01A-21D-A397-08	48	2	17	0	27	6	20	16
TCGA-49-AAR3-01A-11D-A410-08	33	22	15	5	20	22	2	4
TCGA-49-AAR4-01A-12D-A410-08	241	79	94	90	41	5	7	16
TCGA-49-AAR9-01A-21D-A410-08	371	85	8	4	170	11	32	4
TCGA-49-AARE-01A-11D-A410-08	783	23	80	248	17	65	32	32
TCGA-49-AARN-01A-21D-A410-08	197	28	63	0	17	25	0	462
TCGA-49-AARO-01A-12D-A410-08	385	153	31	21	0	27	0	9
TCGA-49-AARQ-01A-11D-A410-08	429	46	83	26	118	37	18	0
TCGA-49-AARR-01A-11D-A410-08	0	0	0	1	0	0	0	0
TCGA-4B-A93V-01A-11D-A397-08	52	17	8	26	13	10	7	10
TCGA-50-5044-01A-21D-1855-08	0	0	98	24	0	5	3	0
TCGA-50-5045-01A-01D-1625-08	218	3	18	21	2	21	3	0
TCGA-50-5051-01A-21D-1855-08	57	0	6	14	11	15	13	0
TCGA-50-5055-01A-01D-1625-08	0	0	0	5	0	3	2	0
TCGA-50-5066-01A-01D-1625-08	114	31	19	63	18	3	1	23
TCGA-50-5066-02A-11D-2107-08	101	96	15	50	59	15	12	38
TCGA-50-5068-01A-01D-1625-08	23	12	7	0	17	11	21	0
TCGA-50-5072-01A-21D-1855-08	49	33	17	11	12	23	10	11
TCGA-50-5930-01A-11D-1753-08	660	272	8	54	69	59	24	21
TCGA-50-5931-01A-11D-1753-08	142	12	19	93	14	33	9	0
TCGA-50-5932-01A-11D-1753-08	32	20	0	7	15	0	4	0
TCGA-50-5935-01A-11D-1753-08	0	0	51	24	0	12	7	0
TCGA-50-5939-01A-11D-1625-08	4	0	16	18	5	11	10	9
TCGA-50-5941-01A-11D-1753-08	175	22	23	89	43	20	8	0
TCGA-50-5942-01A-21D-1753-08	18	5	1	14	7	1	3	7
TCGA-50-5946-01A-11D-1753-08	340	0	143	124	7	42	39	0
TCGA-50-5946-02A-11D-2107-08	351	0	162	98	34	56	39	0
TCGA-50-6590-01A-12D-1855-08	348	202	167	122	18	37	5	4
TCGA-50-6591-01A-11D-1753-08	0	8	3	8	16	0	7	8
TCGA-50-6592-01A-11D-1753-08	38	59	47	31	92	8	15	10
TCGA-50-6593-01A-11D-1753-08	149	14	10	85	17	25	10	13
TCGA-50-6594-01A-11D-1753-08	264	104	47	43	53	19	8	9
TCGA-50-6595-01A-12D-1855-08	0	12	20	7	24	3	4	10
TCGA-50-6597-01A-11D-1855-08	0	2	18	13	0	0	11	10
TCGA-50-6673-01A-11D-1945-08	1	0	6	0	11	16	15	2
TCGA-50-7109-01A-11D-2036-08	113	17	4	62	16	15	21	3
TCGA-50-8457-01A-11D-2323-08	13	3	4	20	3	3	7	2
TCGA-50-8460-01A-11D-2323-08	4	0	4	4	2	0	8	7
TCGA-53-7624-01A-11D-2063-08	294	127	149	119	71	42	33	8
TCGA-53-7626-01A-12D-2063-08	182	53	37	66	0	27	0	0
TCGA-53-7813-01A-11D-2167-08	38	65	0	10	18	10	15	0
TCGA-55-1592-01A-01D-0969-08	126	28	49	120	119	83	5	18
TCGA-55-1592-01A-01W-0928-08	110	46	48	110	105	87	10	6
TCGA-55-1594-01A-01D-1040-01	16	40	60	0	14	0	19	10
TCGA-55-1594-01A-01W-0928-08	19	25	61	0	20	9	11	8
TCGA-55-1595-01A-01D-0969-08	169	0	9	64	68	14	10	0
TCGA-55-1596-01A-01D-1040-01	51	3	7	65	24	39	7	2
TCGA-55-1596-01A-01W-0928-08	37	30	5	52	28	36	4	0
TCGA-55-5899-01A-11D-1625-08	198	49	106	39	46	11	16	9
TCGA-55-6543-01A-11D-1753-08	0	0	1	1	3	0	15	2
TCGA-55-6642-01A-11D-1855-08	44	50	6	0	0	15	7	6
TCGA-55-6712-01A-11D-1855-08	9	17	70	0	26	4	11	0
TCGA-55-6968-01A-11D-1945-08	53	60	353	0	49	9	3	0
TCGA-55-6969-01A-11D-1945-08	125	111	6	68	43	28	3	27
TCGA-55-6971-01A-11D-1945-08	15	21	4	19	10	10	0	5
TCGA-55-6972-01A-11D-1945-08	62	0	116	0	42	10	11	35
TCGA-55-6975-01A-11D-1945-08	9	19	9	1	9	7	13	4
TCGA-55-6978-01A-11D-1945-08	0	1	0	0	6	8	6	6
TCGA-55-6979-01A-11D-1945-08	43	0	28	22	19	2	0	0
TCGA-55-6980-01A-11D-1945-08	0	0	0	1	8	0	2	0
TCGA-55-6981-01A-11D-1945-08	0	0	6	0	18	9	16	0
TCGA-55-6982-01A-11D-1945-08	8	0	167	27	0	7	12	0
TCGA-55-6984-01A-11D-1945-08	0	4	0	10	0	3	3	0
TCGA-55-6985-01A-11D-1945-08	202	113	0	125	0	1	17	0
TCGA-55-6986-01A-11D-1945-08	0	0	1	3	1	8	5	0
TCGA-55-6987-01A-11D-1945-08	39	24	55	59	0	0	6	0
TCGA-55-7281-01A-11D-2036-08	213	0	36	57	118	25	7	6
TCGA-55-7283-01A-11D-2036-08	67	0	41	32	35	0	41	12
TCGA-55-7284-01B-11D-2238-08	0	1	0	5	10	0	21	6
TCGA-55-7570-01A-11D-2036-08	108	17	79	97	40	52	0	0
TCGA-55-7573-01A-11D-2036-08	9	5	5	20	11	0	0	1
TCGA-55-7574-01A-11D-2036-08	36	15	106	74	0	0	2	0
TCGA-55-7576-01A-11D-2063-08	170	12	17	35	102	29	22	9
TCGA-55-7724-01A-11D-2167-08	16	29	27	31	23	51	23	11
TCGA-55-7725-01A-11D-2167-08	73	0	3	19	14	19	8	5
TCGA-55-7726-01A-11D-2167-08	0	20	71	1	0	1	22	0
TCGA-55-7727-01A-11D-2167-08	83	0	89	0	45	12	16	20
TCGA-55-7903-01A-11D-2167-08	52	5	18	44	0	6	26	5
TCGA-55-7907-01A-11D-2167-08	619	156	201	88	100	42	25	0
TCGA-55-7910-01A-11D-2167-08	133	96	4	28	32	0	30	0
TCGA-55-7911-01A-11D-2167-08	99	0	18	33	72	9	11	1
TCGA-55-7913-01B-11D-2238-08	139	67	34	0	52	28	22	12
TCGA-55-7914-01A-11D-2167-08	56	35	24	0	5	34	28	0
TCGA-55-7994-01A-11D-2184-08	911	25	74	457	72	40	56	1
TCGA-55-7995-01A-11D-2184-08	242	146	90	36	86	58	8	36
TCGA-55-8085-01A-11D-2238-08	74	13	117	0	36	12	26	8
TCGA-55-8087-01A-11D-2238-08	0	0	7	0	6	3	11	0
TCGA-55-8089-01A-11D-2238-08	455	236	370	28	141	26	28	21
TCGA-55-8090-01A-11D-2238-08	30	0	0	21	22	13	5	1
TCGA-55-8091-01A-11D-2238-08	0	1	1	0	0	0	19	0
TCGA-55-8092-01A-11D-2238-08	236	4	123	85	52	7	55	40
TCGA-55-8094-01A-11D-2238-08	244	62	11	66	15	20	20	39
TCGA-55-8096-01A-11D-2238-08	42	35	5	6	40	0	17	5
TCGA-55-8097-01A-11D-2238-08	16	38	9	0	13	1	34	2
TCGA-55-8203-01A-11D-2238-08	232	94	0	30	47	17	32	0
TCGA-55-8204-01A-11D-2238-08	39	0	75	37	43	22	16	0
TCGA-55-8206-01A-11D-2238-08	1	6	3	3	0	0	9	4
TCGA-55-8208-01A-11D-2238-08	27	30	146	51	46	32	5	1
TCGA-55-8299-01A-11D-2284-08	87	1	8	70	5	12	0	7
TCGA-55-8301-01A-11D-2284-08	110	30	25	40	49	24	9	7
TCGA-55-8506-01A-11D-2393-08	798	133	16	164	4	131	488	26
TCGA-55-8507-01A-11D-2393-08	528	197	25	165	28	24	44	23
TCGA-55-8510-01A-11D-2393-08	161	23	24	17	66	25	7	1
TCGA-55-8511-01A-11D-2393-08	282	12	66	108	41	9	28	38
TCGA-55-8512-01A-11D-2393-08	6	7	4	0	16	6	1	0
TCGA-55-8514-01A-11D-2393-08	128	40	6	2	82	4	34	0
TCGA-55-8614-01A-11D-2393-08	31	20	26	11	78	35	46	0
TCGA-55-8615-01A-11D-2393-08	26	21	1	14	32	14	8	11
TCGA-55-8616-01A-11D-2393-08	319	39	11	94	22	0	38	0
TCGA-55-8620-01A-11D-2393-08	198	128	19	0	91	38	41	7
TCGA-55-8621-01A-11D-2393-08	23	0	3	19	0	3	5	0
TCGA-55-A48X-01A-11D-A24D-08	203	59	25	0	67	19	9	6
TCGA-55-A48Y-01A-11D-A24D-08	0	0	318	0	25	0	25	0
TCGA-55-A48Z-01A-12D-A24P-08	10	3	3	10	5	7	14	5
TCGA-55-A490-01A-11D-A24D-08	892	0	103	208	95	30	30	13
TCGA-55-A491-01A-11D-A24D-08	189	50	28	38	14	41	21	14
TCGA-55-A492-01A-11D-A24D-08	128	19	15	0	63	46	11	8
TCGA-55-A493-01A-11D-A24D-08	78	43	65	0	29	20	19	14
TCGA-55-A494-01A-11D-A24P-08	104	39	13	0	31	0	50	11
TCGA-55-A4DF-01A-11D-A24D-08	91	37	545	29	75	17	40	5
TCGA-55-A4DG-01A-11D-A24D-08	398	83	13	119	45	40	25	0
TCGA-55-A57B-01A-12D-A397-08	1	5	6	1	4	2	15	3
TCGA-62-8394-01A-11D-2323-08	12	0	38	35	22	3	17	10
TCGA-62-8395-01A-11D-2323-08	0	0	16	13	16	1	27	0
TCGA-62-8397-01A-11D-2323-08	1	9	2	0	0	1	8	4
TCGA-62-8398-01A-11D-2323-08	30	0	10	15	1	10	10	8
TCGA-62-8399-01A-21D-2323-08	133	125	199	42	2	0	47	1
TCGA-62-8402-01A-11D-2323-08	0	2	6	3	20	6	15	5
TCGA-62-A46O-01A-11D-A24D-08	404	96	154	92	78	59	34	18
TCGA-62-A46P-01A-11D-A24D-08	158	40	3	32	13	12	26	0
TCGA-62-A46R-01A-11D-A24D-08	41	39	26	0	15	18	22	11
TCGA-62-A46S-01A-11D-A24D-08	48	2	11	32	0	0	19	14
TCGA-62-A46U-01A-11D-A24D-08	2	9	8	0	13	0	12	0
TCGA-62-A46V-01A-11D-A24D-08	0	12	6	9	4	0	17	9
TCGA-62-A46Y-01A-11D-A24D-08	4	0	0	0	9	0	10	9
TCGA-62-A471-01A-12D-A24D-08	0	2	56	36	0	7	14	8
TCGA-62-A472-01A-11D-A24D-08	7	0	3	6	23	3	9	6
TCGA-64-1676-01A-01D-0969-08	322	93	13	0	141	38	17	4
TCGA-64-1676-01A-01W-0928-08	311	88	13	0	142	32	15	4
TCGA-64-1677-01A-01W-0928-08	41	0	76	39	24	17	17	0
TCGA-64-1678-01A-01W-0928-08	271	37	35	0	45	19	10	20
TCGA-64-1679-01A-21D-2063-08	306	0	29	118	65	0	9	0
TCGA-64-1680-01A-02D-0969-08	0	5	16	0	14	0	17	0
TCGA-64-1680-01A-02W-0928-08	0	13	12	0	2	0	14	5
TCGA-64-1681-01A-11D-2063-08	0	4	12	13	9	0	5	22
TCGA-64-5774-01A-01D-1625-08	76	18	5	24	2	5	14	0
TCGA-64-5775-01A-01D-1625-08	285	46	19	38	75	7	31	5
TCGA-64-5778-01A-01D-1625-08	240	63	30	18	67	39	17	12
TCGA-64-5781-01A-01D-1625-08	480	183	127	0	262	37	28	35
TCGA-64-5815-01A-01D-1625-08	68	34	1	15	40	0	23	0
TCGA-67-3770-01A-01D-0969-08	103	24	6	0	32	49	14	5
TCGA-67-3770-01A-01W-0928-08	100	34	7	0	21	47	15	2
TCGA-67-3771-01A-01D-1040-01	311	57	315	188	156	77	30	6
TCGA-67-3771-01A-01W-0928-08	267	100	311	174	205	74	28	22
TCGA-67-3773-01A-01D-1040-01	49	0	3	0	20	11	13	6
TCGA-67-3774-01A-01D-1040-01	19	30	5	18	32	5	7	2
TCGA-67-3774-01A-01W-0928-08	9	36	1	22	26	4	5	0
TCGA-67-4679-01B-01D-1753-08	120	55	5	0	82	0	18	12
TCGA-67-6215-01A-11D-1753-08	0	0	0	0	0	4	0	105
TCGA-67-6216-01A-11D-1753-08	0	0	7	1	14	1	2	1
TCGA-67-6217-01A-11D-1753-08	97	27	5	30	2	8	11	12
TCGA-69-7760-01A-11D-2167-08	10	7	4	0	0	15	18	17
TCGA-69-7764-01A-11D-2167-08	19	0	8	0	15	33	15	1
TCGA-69-7765-01A-11D-2167-08	281	170	54	26	67	31	0	11
TCGA-69-7973-01A-11D-2184-08	181	0	11	42	0	2	26	3
TCGA-69-7974-01A-11D-2184-08	281	0	26	146	25	19	31	0
TCGA-69-7978-01A-11D-2184-08	230	77	167	96	0	17	29	0
TCGA-69-8253-01A-11D-2284-08	67	0	19	0	57	0	14	10
TCGA-69-8254-01A-11D-2284-08	9	0	1	21	22	0	16	6
TCGA-69-8255-01A-11D-2284-08	63	42	34	7	88	21	20	25
TCGA-69-A59K-01A-11D-A25L-08	311	70	51	0	0	25	42	9
TCGA-71-6725-01A-11D-1855-08	1	0	5	0	16	5	28	2
TCGA-71-8520-01A-11D-2393-08	5	22	15	0	0	15	29	6
TCGA-73-4658-01A-01D-1753-08	66	83	124	0	12	10	9	28
TCGA-73-4659-01A-01D-1265-08	50	91	5	28	29	0	14	5
TCGA-73-4662-01A-01D-1265-08	99	0	14	27	60	6	7	0
TCGA-73-4670-01A-01D-1265-08	142	38	11	0	80	36	17	42
TCGA-73-4675-01A-01D-1265-08	8	0	3	12	13	17	12	4
TCGA-73-4676-01A-01D-1753-08	17	9	2	0	21	26	13	10
TCGA-73-4677-01A-01D-1265-08	131	3	14	83	2	5	17	10
TCGA-73-7498-01A-12D-2184-08	41	0	0	23	30	0	16	7
TCGA-75-5122-01A-01D-1753-08	33	0	20	27	29	8	17	0
TCGA-75-5125-01A-01D-1753-08	36	17	38	43	0	8	16	6
TCGA-75-5126-01A-01D-1753-08	244	112	157	56	6	24	21	2
TCGA-75-5146-01A-01D-1625-08	115	0	10	28	20	14	2	4
TCGA-75-5147-01A-01D-1625-08	0	0	10	13	0	0	9	4
TCGA-75-6203-01A-11D-1753-08	0	2	0	0	1	0	10	0
TCGA-75-6205-01A-11D-1753-08	0	6	2	27	0	0	2	6
TCGA-75-6206-01A-11D-1753-08	14	22	7	0	36	13	0	0
TCGA-75-6207-01A-11D-1753-08	7	0	13	18	0	11	9	0
TCGA-75-6211-01A-11D-1753-08	154	112	17	33	35	21	17	3
TCGA-75-6214-01A-41D-1945-08	241	98	161	60	114	36	25	0
TCGA-75-7025-01A-12D-1945-08	0	0	7	0	0	5	15	3
TCGA-75-7027-01A-11D-1945-08	92	48	7	0	60	23	15	5
TCGA-75-7030-01A-11D-1945-08	2	0	0	2	0	0	3	1
TCGA-78-7145-01A-11D-2036-08	66	66	11	0	27	9	16	2
TCGA-78-7146-01A-11D-2036-08	139	28	88	11	63	8	35	10
TCGA-78-7147-01A-11D-2036-08	52	120	47	39	44	22	19	20
TCGA-78-7148-01A-11D-2036-08	82	20	7	10	44	44	2	11
TCGA-78-7149-01A-11D-2036-08	27	0	70	0	22	13	12	4
TCGA-78-7150-01A-21D-2036-08	84	15	136	89	62	0	29	20
TCGA-78-7152-01A-11D-2036-08	42	28	80	15	13	19	7	2
TCGA-78-7153-01A-11D-2036-08	8	8	23	29	4	12	14	6
TCGA-78-7154-01A-11D-2036-08	36	0	104	47	5	23	39	12
TCGA-78-7155-01A-11D-2036-08	829	177	113	269	7	91	38	56
TCGA-78-7160-01A-11D-2036-08	0	4	5	0	10	19	3	0
TCGA-78-7161-01A-11D-2036-08	96	0	11	0	42	21	18	10
TCGA-78-7162-01A-21D-2063-08	19	1	14	1	35	11	3	3
TCGA-78-7163-01A-12D-2063-08	0	4	0	3	0	0	8	4
TCGA-78-7166-01A-12D-2063-08	134	51	3	0	11	15	7	19
TCGA-78-7167-01A-11D-2063-08	18	17	27	10	0	3	18	7
TCGA-78-7220-01A-11D-2036-08	340	98	103	52	193	42	14	47
TCGA-78-7535-01A-11D-2063-08	74	0	0	27	20	23	5	35
TCGA-78-7536-01A-11D-2063-08	357	0	9	180	28	21	20	38
TCGA-78-7539-01A-11D-2063-08	101	0	274	65	10	31	34	0
TCGA-78-7540-01A-11D-2063-08	0	7	0	9	0	0	14	0
TCGA-78-7542-01A-21D-2063-08	209	60	30	0	19	12	27	28
TCGA-78-7633-01A-11D-2063-08	44	0	4	0	47	11	3	0
TCGA-78-8640-01A-11D-2393-08	225	172	116	86	14	59	44	41
TCGA-78-8648-01A-11D-2393-08	0	2	0	0	5	0	0	0
TCGA-78-8655-01A-11D-2393-08	32	4	5	5	29	13	12	5
TCGA-78-8662-01A-11D-2393-08	549	183	86	50	167	115	31	45
TCGA-80-5607-01A-31D-1945-08	2	0	112	0	0	11	5	1
TCGA-80-5608-01A-31D-1945-08	78	19	9	33	22	0	19	0
TCGA-80-5611-01A-01D-1625-08	17	60	5	0	37	49	10	20
TCGA-83-5908-01A-21D-2284-08	58	45	83	1	40	5	13	0
TCGA-86-6562-01A-11D-1753-08	4	0	12	18	2	0	12	5
TCGA-86-6851-01A-11D-1945-08	469	3	93	177	107	69	0	0
TCGA-86-7701-01A-11D-2167-08	112	5	4	28	12	22	14	7
TCGA-86-7711-01A-11D-2063-08	42	49	45	0	34	33	16	12
TCGA-86-7713-01A-11D-2063-08	61	4	4	7	65	5	8	6
TCGA-86-7954-01A-11D-2184-08	60	17	33	3	45	26	30	6
TCGA-86-7955-01A-11D-2184-08	130	0	30	17	90	17	21	23
TCGA-86-8055-01A-11D-2238-08	0	0	5	3	14	0	13	9
TCGA-86-8056-01A-11D-2238-08	43	0	150	0	57	3	21	13
TCGA-86-8073-01A-11D-2238-08	914	201	104	4	156	127	25	22
TCGA-86-8074-01A-11D-2238-08	0	15	3	1	18	2	10	22
TCGA-86-8075-01A-11D-2238-08	0	0	2	18	0	2	18	2
TCGA-86-8076-01A-31D-2238-08	2	11	21	4	13	7	9	0
TCGA-86-8279-01A-11D-2284-08	274	127	19	34	0	59	17	13
TCGA-86-8280-01A-11D-2284-08	0	3	2	0	21	12	10	0
TCGA-86-8281-01A-11D-2284-08	136	0	27	57	0	23	24	0
TCGA-86-8359-01A-11D-2323-08	81	17	8	6	26	7	19	6
TCGA-86-8585-01A-11D-2393-08	240	42	94	205	0	0	13	0
TCGA-86-8668-01A-11D-2393-08	1	0	5	8	0	2	13	2
TCGA-86-8671-01A-11D-2393-08	0	6	4	0	7	5	6	5
TCGA-86-8672-01A-21D-2393-08	139	0	33	53	55	0	19	16
TCGA-86-8673-01A-11D-2393-08	191	41	30	85	88	34	12	8
TCGA-86-8674-01A-21D-2393-08	161	49	35	0	29	9	6	15
TCGA-86-A456-01A-11D-A24D-08	207	0	31	31	28	45	13	9
TCGA-86-A4JF-01A-11D-A24P-08	269	0	112	0	0	547	359	35
TCGA-86-A4P7-01A-11D-A24P-08	0	5	21	16	13	0	5	0
TCGA-91-6828-01A-11D-1855-08	133	50	25	0	39	7	18	4
TCGA-91-6829-01A-21D-1855-08	269	0	40	191	104	36	3	21
TCGA-91-6830-01A-11D-1945-08	11	0	172	11	9	15	4	0
TCGA-91-6831-01A-11D-1855-08	74	68	11	61	15	43	5	0
TCGA-91-6835-01A-11D-1855-08	5	21	14	7	7	15	7	2
TCGA-91-6836-01A-21D-1855-08	199	88	19	46	73	21	20	4
TCGA-91-6840-01A-11D-1945-08	0	15	69	24	0	1	15	0
TCGA-91-6847-01A-11D-1945-08	0	20	14	1	4	8	27	0
TCGA-91-6848-01A-11D-1945-08	177	143	89	130	0	58	6	0
TCGA-91-6849-01A-11D-1945-08	31	29	6	27	6	2	8	8
TCGA-91-7771-01A-11D-2167-08	50	0	21	0	77	32	7	7
TCGA-91-A4BC-01A-11D-A24D-08	181	145	17	0	62	16	17	17
TCGA-91-A4BD-01A-11D-A24D-08	0	0	5	0	0	9	9	0
TCGA-93-7347-01A-11D-2184-08	56	0	10	0	35	17	4	0
TCGA-93-7348-01A-21D-2036-08	15	28	15	0	10	16	19	9
TCGA-93-8067-01A-11D-2284-08	30	44	431	0	0	1	31	15
TCGA-93-8067-01C-01D-A38P-08	29	6	218	0	0	13	7	13
TCGA-93-8067-01D-01D-A38P-08	31	2	135	0	0	4	5	12
TCGA-93-A4JO-01A-21D-A24P-08	0	10	10	6	6	12	0	6
TCGA-93-A4JP-01A-11D-A24P-08	0	25	17	0	0	0	6	7
TCGA-93-A4JP-01D-01D-A38P-08	0	42	35	0	0	0	32	7
TCGA-93-A4JP-01E-01D-A38P-08	0	47	32	0	0	0	21	4
TCGA-95-7039-01A-11D-1945-08	624	182	56	215	69	69	32	45
TCGA-95-7043-01A-11D-1945-08	675	63	56	146	122	18	57	0
TCGA-95-7562-01A-11D-2238-08	259	41	9	63	0	8	21	0
TCGA-95-7567-01A-11D-2063-08	233	47	5	0	0	426	190	38
TCGA-95-7944-01A-11D-2184-08	3	1	196	31	20	0	12	0
TCGA-95-7947-01A-11D-2184-08	73	99	208	28	64	62	21	22
TCGA-95-7948-01A-11D-2184-08	0	0	128	0	0	0	16	0
TCGA-95-8494-01A-11D-2323-08	2	6	63	0	0	0	32	9
TCGA-95-A4VK-01A-11D-A25L-08	126	49	9	3	44	10	27	6
TCGA-95-A4VN-01A-11D-A25L-08	217	117	34	0	67	28	10	9
TCGA-97-7547-01A-11D-2036-08	18	90	43	0	4	4	16	0
TCGA-97-7552-01A-11D-2036-08	0	5	0	9	0	0	11	6
TCGA-97-7553-01A-21D-2036-08	9	3	3	1	12	0	17	0
TCGA-97-7554-01A-11D-2036-08	214	43	17	43	61	51	13	9
TCGA-97-7938-01A-11D-2167-08	243	4	48	85	0	19	19	0
TCGA-97-8171-01A-11D-2284-08	3	5	1	12	6	5	23	0
TCGA-97-8174-01A-11D-2284-08	65	28	20	7	9	13	26	1
TCGA-97-8175-01A-11D-2284-08	0	9	3	4	8	0	3	3
TCGA-97-8177-01A-11D-2284-08	0	1	2	0	19	2	6	4
TCGA-97-8552-01A-11D-2393-08	0	3	1	0	13	0	6	0
TCGA-97-A4LX-01A-11D-A24P-08	100	0	5	42	13	23	0	4
TCGA-97-A4M0-01A-11D-A24P-08	164	65	69	51	7	41	1	8
TCGA-97-A4M1-01A-11D-A24P-08	6	0	10	10	0	0	16	1
TCGA-97-A4M3-01A-11D-A24P-08	98	39	31	20	0	13	11	6
TCGA-97-A4M6-01A-11D-A24P-08	3	0	4	0	0	17	6	3
TCGA-97-A4M7-01A-11D-A24P-08	185	60	12	7	20	21	10	1
TCGA-99-7458-01A-11D-2036-08	242	67	15	9	76	71	18	0
TCGA-99-8025-01A-11D-2238-08	132	79	144	5	57	49	43	7
TCGA-99-8028-01A-11D-2238-08	203	123	3	7	0	55	1	9
TCGA-99-8033-01A-11D-2238-08	60	21	9	26	31	18	13	0
TCGA-99-AA5R-01A-11D-A397-08	7	24	2	1	8	0	0	0
TCGA-J2-8192-01A-11D-2238-08	0	21	10	20	0	0	22	1
TCGA-J2-8194-01A-11D-2238-08	49	0	5	60	17	0	21	6
TCGA-J2-A4AD-01A-11D-A24D-08	72	0	136	92	0	30	15	0
TCGA-J2-A4AE-01A-21D-A24D-08	0	0	14	10	12	3	17	0
TCGA-J2-A4AG-01A-11D-A24D-08	30	0	6	0	21	16	7	1
TCGA-L4-A4E5-01A-11D-A24P-08	204	29	11	25	57	7	14	16
TCGA-L4-A4E6-01A-11D-A24D-08	3	0	2	3	0	0	0	0
TCGA-L9-A443-01A-12D-A24D-08	115	26	12	0	70	22	5	5
TCGA-L9-A50W-01A-12D-A397-08	0	6	8	0	6	4	2	7
TCGA-L9-A5IP-01A-21D-A397-08	133	79	18	0	39	18	10	5
TCGA-L9-A743-01A-43D-A397-08	17	43	45	4	0	7	3	2
TCGA-L9-A7SV-01A-11D-A397-08	1312	38	49	251	25	24	34	4
TCGA-L9-A8F4-01A-11D-A397-08	433	0	50	201	69	17	22	28
TCGA-MN-A4N1-01A-11D-A24P-08	245	25	26	73	62	0	36	5
TCGA-MN-A4N4-01A-12D-A24P-08	624	283	343	122	36	48	36	36
TCGA-MN-A4N5-01A-11D-A24P-08	230	84	46	0	25	62	13	16
TCGA-MP-A4SV-01A-11D-A24P-08	60	97	114	60	0	9	13	0
TCGA-MP-A4SW-01A-21D-A24P-08	6	2	11	7	10	0	29	2
TCGA-MP-A4T2-01A-11D-A24P-08	12	1	24	1	18	26	6	0
TCGA-MP-A4T4-01A-11D-A25L-08	207	33	26	91	0	17	16	11
TCGA-MP-A4T6-01A-32D-A25L-08	0	2	22	0	19	14	19	2
TCGA-MP-A4T7-01A-11D-A24P-08	67	31	3	0	21	0	15	4
TCGA-MP-A4T8-01A-11D-A24P-08	50	0	7	19	12	13	9	4
TCGA-MP-A4T9-01A-11D-A24P-08	0	7	4	19	0	0	4	1
TCGA-MP-A4TA-01A-21D-A24P-08	147	43	23	0	53	75	20	9
TCGA-MP-A4TC-01A-11D-A24P-08	133	19	25	13	49	26	6	0
TCGA-MP-A4TD-01A-32D-A25L-08	26	1	2	17	25	4	9	0
TCGA-MP-A4TE-01A-22D-A25L-08	51	0	0	36	13	0	41	3
TCGA-MP-A4TF-01A-11D-A25L-08	193	111	22	4	44	29	19	13
TCGA-MP-A4TH-01A-31D-A25L-08	23	20	2	8	26	15	13	6
TCGA-MP-A4TK-01A-11D-A24P-08	193	5	50	36	50	20	8	5
TCGA-NJ-A4YF-01A-12D-A25L-08	363	50	23	72	108	17	8	4
TCGA-NJ-A4YP-01A-11D-A25L-08	66	41	368	0	57	0	5	51
TCGA-NJ-A4YQ-01A-11D-A25L-08	636	96	19	148	115	105	11	14
TCGA-NJ-A55R-01A-11D-A25L-08	79	135	12	0	7	40	6	4
TCGA-NJ-A7XG-01A-12D-A397-08	6	0	0	5	7	0	15	0
TCGA-O1-A52J-01A-11D-A25L-08	105	0	8	3	32	24	16	0
TCGA-S2-AA1A-01A-12D-A397-08	71	1	2	0	33	14	7	0
