Samples	SBS96A	SBS96B	SBS96C	SBS96D	SBS96E	SBS96F	SBS96G	SBS96H	SBS96I	SBS96J
TCGA-4N-A93T-01A-11D-A36X-10	6	17	7	9	11	1	23	20	0	6
TCGA-5M-AAT4-01A-11D-A40P-10	23	30	13	5	0	2	0	29	0	78
TCGA-5M-AAT5-01A-21D-A40P-10	8	27	6	0	0	0	10	0	12	12
TCGA-5M-AAT6-01A-11D-A40P-10	579	593	0	87	599	7	0	0	0	34
TCGA-5M-AATA-01A-31D-A40P-10	11	34	1	8	0	3	0	3	13	8
TCGA-5M-AATE-01A-11D-A40P-10	10	45	8	4	2	0	0	36	26	11
TCGA-A6-2671-01A-01D-1408-10	17	24	5	6	0	0	0	19	6	9
TCGA-A6-2672-01B-03D-2298-08	340	132	18	82	446	0	88	0	0	49
TCGA-A6-2675-01A-02D-1719-10	11	43	0	0	3	3	0	19	9	13
TCGA-A6-2677-01A-01D-A270-10	9	47	5	22	8	0	34	0	3	15
TCGA-A6-2677-01B-02D-A270-10	7	38	1	25	7	7	28	4	4	11
TCGA-A6-2678-01A-01D-1953-10	3	4	2	7	0	0	7	2	0	0
TCGA-A6-2679-01A-02D-1408-10	35	33	0	20	0	3	22	15	6	24
TCGA-A6-2681-01A-01D-1408-10	5	54	5	3	16	3	33	16	6	14
TCGA-A6-2682-01A-01D-1408-10	0	9	0	21	8	0	19	13	10	0
TCGA-A6-2683-01A-01D-1953-10	2	13	0	1	4	0	18	0	0	0
TCGA-A6-2684-01A-01D-A270-10	8	31	0	12	0	0	28	0	17	21
TCGA-A6-2684-01C-08D-A270-10	10	33	0	13	0	0	20	0	17	12
TCGA-A6-2685-01A-01D-1408-10	2	10	2	3	0	0	23	10	3	0
TCGA-A6-2686-01A-01D-1408-10	924	423	34	89	273	0	281	0	1	0
TCGA-A6-3807-01A-01W-0995-10	0	7	3	18	0	0	17	13	46	0
TCGA-A6-3808-01A-01W-0995-10	25	37	3	10	3	3	1	8	40	12
TCGA-A6-3810-01A-01D-A270-10	0	40	3	11	18	0	5	46	36	11
TCGA-A6-4105-01A-02D-1771-10	35	42	0	0	0	7	24	23	20	23
TCGA-A6-4107-01A-02D-1408-10	25	50	13	1	13	0	65	8	1	19
TCGA-A6-5656-01A-21D-1835-10	4	51	0	16	3	0	12	2	1	15
TCGA-A6-5656-01A-21D-A270-10	3	58	0	17	6	0	1	13	0	12
TCGA-A6-5657-01A-01D-1650-10	0	28	0	16	0	7	40	24	9	1
TCGA-A6-5659-01A-01D-1650-10	6	38	5	25	5	15	105	0	0	0
TCGA-A6-5659-01A-01D-A270-10	9	46	7	24	4	15	107	0	0	0
TCGA-A6-5659-01B-04D-A270-10	14	22	8	33	6	6	95	0	1	0
TCGA-A6-5660-01A-01D-1650-10	7	46	0	11	3	8	15	34	4	0
TCGA-A6-5661-01A-01D-1650-10	543	325	0	27	134	64	71	32	0	0
TCGA-A6-5662-01A-01D-1650-10	4	10	0	12	0	0	8	13	8	5
TCGA-A6-5664-01A-21D-1835-10	0	16	8	0	9	0	4	8	0	6
TCGA-A6-5665-01A-01D-1650-10	596	325	0	82	460	61	0	53	34	57
TCGA-A6-5666-01A-01D-1650-10	0	39	11	4	9	3	8	17	0	1
TCGA-A6-5667-01A-21D-1719-10	0	9	0	7	3	0	39	0	10	0
TCGA-A6-6138-01A-11D-1771-10	3	32	4	5	8	0	19	2	36	7
TCGA-A6-6142-01A-11D-1771-10	1	20	2	1	3	0	42	0	11	0
TCGA-A6-6649-01A-11D-1771-10	11	39	0	3	5	9	16	0	27	6
TCGA-A6-6651-01A-21D-1835-10	9	14	0	0	0	0	11	32	14	7
TCGA-A6-6652-01A-11D-1771-10	11	10	0	2	9	1	33	5	5	9
TCGA-A6-6653-01A-11D-1771-10	318	349	14	27	194	0	163	4	2	0
TCGA-A6-6654-01A-21D-1835-10	0	140	1	0	0	11	0	17	18	13
TCGA-A6-6782-01A-11D-1835-10	12	10	15	15	0	0	27	29	13	28
TCGA-A6-A567-01A-31D-A28G-10	0	16	7	7	5	0	26	2	0	0
TCGA-A6-A56B-01A-31D-A28G-10	7	42	3	10	0	0	10	25	0	0
TCGA-A6-A5ZU-01A-11D-A28G-10	17	30	0	10	0	9	0	12	8	17
TCGA-AA-3489-01A-21D-1835-10	0	10	5	5	4	15	17	28	15	0
TCGA-AA-3492-01A-01D-1408-10	893	399	0	127	387	45	0	80	24	89
TCGA-AA-3494-01A-01D-1408-10	1	32	2	0	5	0	0	33	12	6
TCGA-AA-3495-01A-01D-1408-10	6	46	1	1	0	14	8	27	21	0
TCGA-AA-3496-01A-21D-1835-10	6	38	0	6	0	12	12	2	10	11
TCGA-AA-3502-01A-01D-1408-10	16	77	3	40	0	4	44	2	1	13
TCGA-AA-3506-01A-01D-2188-10	9	72	5	18	2	0	48	0	0	15
TCGA-AA-3509-01A-01D-1408-10	1	40	1	7	0	0	9	13	9	13
TCGA-AA-3511-01A-21D-1835-10	0	9	9	17	0	0	41	38	0	0
TCGA-AA-3514-01A-02D-1953-10	0	21	2	0	0	0	8	0	0	0
TCGA-AA-3517-01A-01D-1953-10	0	5	0	0	0	0	0	3	7	0
TCGA-AA-3519-01A-02D-1953-10	7	3	0	11	0	0	5	0	0	0
TCGA-AA-3520-01A-01D-1953-10	1	13	0	0	5	2	0	0	0	7
TCGA-AA-3521-01A-01D-1953-10	1	7	3	0	0	0	3	0	0	1
TCGA-AA-3522-01A-01W-0831-10	0	5	2	3	4	0	10	1	0	0
TCGA-AA-3524-01A-02D-1953-10	0	3	0	0	1	0	1	0	8	0
TCGA-AA-3529-01A-02D-1953-10	2	8	0	0	0	0	9	0	2	0
TCGA-AA-3530-01A-01W-0995-10	3	37	0	0	3	8	21	11	13	0
TCGA-AA-3532-01A-01D-1953-10	0	1	0	3	5	0	1	0	0	8
TCGA-AA-3534-01A-01D-1953-10	0	17	0	0	4	0	0	4	6	0
TCGA-AA-3538-01A-01D-1953-10	3	3	0	0	0	0	6	0	4	0
TCGA-AA-3544-01A-01D-1953-10	5	8	0	6	0	0	0	0	6	0
TCGA-AA-3548-01A-01D-1953-10	0	13	0	3	1	0	6	0	0	0
TCGA-AA-3549-01A-02D-1953-10	3	6	0	3	4	0	2	0	0	0
TCGA-AA-3561-01A-01D-1953-10	3	5	0	0	0	0	9	0	0	0
TCGA-AA-3655-01A-02D-1719-10	23	27	0	6	0	0	5	0	14	12
TCGA-AA-3660-01A-01D-1719-10	19	27	3	19	0	3	16	0	20	16
TCGA-AA-3662-01A-01D-1719-10	0	27	7	0	6	0	30	0	12	1
TCGA-AA-3663-01A-01D-1719-10	850	0	0	11	724	106	105	10	43	36
TCGA-AA-3664-01A-01W-0900-09	3	52	0	14	7	3	67	0	13	0
TCGA-AA-3666-01A-02W-0900-09	14	6	11	8	13	0	0	12	0	123
TCGA-AA-3667-01A-01W-0900-09	17	12	0	3	0	0	0	8	20	7
TCGA-AA-3672-01A-01W-0900-09	805	194	0	78	280	60	0	0	24	225
TCGA-AA-3673-01A-01W-0900-09	1	29	1	0	5	5	0	20	6	6
TCGA-AA-3675-01A-02W-0900-09	2	44	4	4	0	0	16	13	16	1
TCGA-AA-3678-01A-01W-0900-09	0	28	3	10	2	0	0	17	5	6
TCGA-AA-3679-01A-02W-0900-09	6	21	0	0	0	0	7	37	0	3
TCGA-AA-3680-01A-01W-0900-09	0	41	6	25	8	2	13	14	0	0
TCGA-AA-3681-01A-01W-0900-09	0	47	3	7	11	0	0	33	6	19
TCGA-AA-3685-01A-02W-0900-09	0	26	5	5	1	0	12	27	11	0
TCGA-AA-3688-01A-01W-0900-09	1	12	10	2	3	0	29	0	8	10
TCGA-AA-3693-01A-01W-0900-09	0	16	1	0	8	0	17	63	35	20
TCGA-AA-3696-01A-01W-0900-09	10	29	9	0	4	2	12	6	17	2
TCGA-AA-3697-01A-01D-1719-10	7	20	4	12	0	7	0	123	20	11
TCGA-AA-3712-01A-21D-1719-10	0	0	16	4	0	0	0	84	55	0
TCGA-AA-3713-01A-21D-1719-10	443	225	0	21	51	35	0	0	44	120
TCGA-AA-3812-01A-01W-0900-09	4	23	5	19	9	0	21	30	7	0
TCGA-AA-3814-01A-01W-0900-09	3	36	0	0	6	19	7	23	13	0
TCGA-AA-3815-01A-01W-0995-10	214	159	13	47	364	0	76	5	0	0
TCGA-AA-3818-01A-01W-0900-09	9	20	0	6	0	30	43	8	4	32
TCGA-AA-3831-01A-01W-0900-09	5	28	1	18	0	11	0	19	10	13
TCGA-AA-3833-01A-01W-0900-09	285	138	9	11	89	0	76	0	0	0
TCGA-AA-3841-01A-01W-0900-09	0	23	2	0	0	5	0	15	5	25
TCGA-AA-3842-01A-01W-0995-10	0	18	2	10	7	0	57	0	7	0
TCGA-AA-3844-01A-01W-0995-10	4	0	0	4	11	4	45	49	11	0
TCGA-AA-3845-01A-01D-1981-10	351	207	0	26	219	70	73	20	2	0
TCGA-AA-3845-01A-01W-0995-10	307	140	0	33	230	74	84	18	0	0
TCGA-AA-3846-01A-01W-0995-10	0	21	3	6	0	0	6	12	24	25
TCGA-AA-3848-01A-01W-0900-09	6	49	0	10	4	1	45	0	31	12
TCGA-AA-3851-01A-01W-0995-10	0	33	1	8	12	0	26	12	0	0
TCGA-AA-3855-01A-01W-0995-10	0	48	8	0	8	0	0	26	37	18
TCGA-AA-3856-01A-01W-0900-09	0	19	0	9	0	0	7	3	17	7
TCGA-AA-3858-01A-01W-0900-09	0	24	0	8	2	1	9	16	2	0
TCGA-AA-3860-01A-02W-0900-09	0	1	0	3	6	0	38	5	0	0
TCGA-AA-3861-01A-01W-0995-10	5	39	0	4	0	14	42	0	0	17
TCGA-AA-3862-01A-01W-0995-10	5	11	6	0	2	1	0	2	1	68
TCGA-AA-3864-01A-01D-1981-10	1208	1305	0	88	181	55	0	0	0	42
TCGA-AA-3866-01A-01W-0995-10	13	38	0	14	0	0	22	35	0	0
TCGA-AA-3867-01A-01W-0995-10	0	24	6	0	6	0	7	20	15	20
TCGA-AA-3869-01A-01W-0995-10	0	22	0	18	8	0	0	9	22	0
TCGA-AA-3870-01A-01W-0995-10	14	35	0	6	7	11	24	1	3	25
TCGA-AA-3875-01A-01W-0900-09	9	27	0	19	0	5	42	11	6	10
TCGA-AA-3930-01A-01W-0995-10	0	21	6	18	0	0	4	21	111	26
TCGA-AA-3939-01A-01W-0995-10	4	25	2	14	0	0	48	0	26	0
TCGA-AA-3941-01A-01W-0995-10	8	36	2	11	1	0	15	25	13	0
TCGA-AA-3952-01A-01W-0995-10	0	16	3	0	4	2	26	0	33	8
TCGA-AA-3955-01A-02W-0995-10	0	4	7	0	3	0	20	53	6	40
TCGA-AA-3956-01A-02W-0995-10	2	25	2	14	9	0	32	17	9	22
TCGA-AA-3967-01A-01W-1073-09	8	32	0	0	0	12	30	29	35	10
TCGA-AA-3968-01A-01W-0995-10	0	28	3	6	6	11	11	55	0	7
TCGA-AA-3971-01A-01W-0995-10	0	12	0	7	2	0	17	18	22	10
TCGA-AA-3972-01A-01W-0995-10	0	17	2	11	6	0	31	0	18	9
TCGA-AA-3977-01A-01D-1981-10	171	0	2442	869	16	1146	0	0	0	0
TCGA-AA-3977-01A-01W-0995-10	67	6	2063	797	23	949	0	0	0	0
TCGA-AA-3979-01A-01W-0995-10	14	19	6	11	1	0	0	45	9	45
TCGA-AA-3980-01A-02W-0995-10	1	24	0	12	3	9	10	28	5	11
TCGA-AA-3982-01A-02W-0995-10	6	21	3	21	0	0	0	40	6	28
TCGA-AA-3984-01A-02D-1981-10	81	56	2416	3015	26	0	0	0	58	0
TCGA-AA-3984-01A-02W-0995-10	44	42	2160	2524	55	0	0	0	89	0
TCGA-AA-3986-01A-02W-0995-10	8	34	10	0	0	0	26	0	2	12
TCGA-AA-3989-01A-01W-0995-10	21	31	0	1	9	11	14	24	0	4
TCGA-AA-A004-01A-01W-A00E-09	6	24	1	0	5	0	0	12	17	4
TCGA-AA-A00O-01A-02W-A00E-09	13	6	2	3	5	0	49	9	0	0
TCGA-AA-A00Z-01A-01D-A17O-10	0	3	0	0	2	0	1	5	0	0
TCGA-AA-A010-01A-01D-A17O-10	343	0	2499	1355	0	4616	0	0	0	0
TCGA-AA-A010-01A-01W-A00E-09	68	0	2528	1087	53	4159	0	0	0	0
TCGA-AA-A017-01A-01W-A00E-09	0	16	0	3	0	0	4	12	16	0
TCGA-AA-A01C-01A-01W-A00E-09	0	15	6	0	3	0	19	18	7	9
TCGA-AA-A01I-01A-02W-A00E-09	9	35	0	2	0	17	15	16	17	0
TCGA-AA-A01K-01A-01W-A00E-09	12	0	2	0	7	6	36	62	13	1
TCGA-AA-A01P-01A-21D-A17O-10	297	214	0	40	172	36	0	29	32	20
TCGA-AA-A01P-01A-21W-A096-10	129	108	2	27	142	34	23	46	27	19
TCGA-AA-A01S-01A-21W-A096-10	8	19	4	0	2	0	10	1	7	12
TCGA-AA-A01T-01A-21W-A096-10	3	7	0	5	0	5	40	0	12	24
TCGA-AA-A01V-01A-23W-A096-10	7	32	0	14	3	16	0	7	13	32
TCGA-AA-A01X-01A-21W-A096-10	0	25	5	1	7	0	15	18	2	0
TCGA-AA-A01Z-01A-11W-A096-10	3	33	3	7	6	0	27	8	7	1
TCGA-AA-A022-01A-21D-A17O-10	576	481	0	81	203	39	0	43	0	55
TCGA-AA-A022-01A-21W-A096-10	463	375	0	72	200	44	0	63	20	24
TCGA-AA-A024-01A-02W-A00E-09	5	26	0	5	3	3	2	24	11	0
TCGA-AA-A029-01A-01W-A00E-09	0	21	8	6	5	1	25	12	2	5
TCGA-AA-A02E-01A-01W-A00E-09	6	9	7	5	15	0	41	35	15	29
TCGA-AA-A02H-01A-01W-A00E-09	8	12	8	11	2	0	13	13	6	0
TCGA-AA-A02J-01A-01W-A00E-09	3	4	5	25	0	8	20	43	14	5
TCGA-AA-A02K-01A-21W-A096-10	16	23	0	10	12	5	15	32	10	16
TCGA-AA-A02O-01A-21W-A096-10	0	57	0	12	9	2	39	46	0	0
TCGA-AA-A02R-01A-01W-A00E-09	385	140	24	15	320	14	90	35	29	12
TCGA-AA-A02W-01A-01W-A00E-09	13	28	3	1	4	0	0	37	9	0
TCGA-AA-A02Y-01A-43W-A096-10	0	17	0	21	0	18	35	7	2	12
TCGA-AA-A03J-01A-21W-A096-10	0	20	5	15	11	0	35	15	0	0
TCGA-AD-6548-01A-11D-1835-10	0	30	0	7	5	4	67	10	3	3
TCGA-AD-6888-01A-11D-1924-10	15	44	1	16	0	0	18	0	0	11
TCGA-AD-6889-01A-11D-1924-10	783	237	30	35	353	0	200	0	0	0
TCGA-AD-6890-01A-11D-1924-10	1	52	0	1	2	13	2	30	6	4
TCGA-AD-6895-01A-11D-1924-10	582	323	9	141	125	0	0	0	437	119
TCGA-AD-6901-01A-11D-1924-10	33	28	14	33	10	1	63	58	0	30
TCGA-AD-6963-01A-11D-1924-10	12	14	0	2	0	0	14	24	0	9
TCGA-AD-6964-01A-11D-1924-10	685	0	15	75	483	0	55	15	295	0
TCGA-AD-6965-01A-11D-1924-10	18	44	3	6	4	9	15	19	10	5
TCGA-AD-A5EJ-01A-11D-A28G-10	653	200	0	0	334	100	112	14	25	0
TCGA-AD-A5EK-01A-11D-A28G-10	15	21	0	0	0	7	22	13	20	6
TCGA-AM-5820-01A-01D-1650-10	3	23	0	0	0	11	0	17	7	5
TCGA-AU-3779-01A-01D-1719-10	7	44	12	0	0	0	7	11	26	7
TCGA-AU-6004-01A-11D-1719-10	289	273	0	61	211	23	37	0	0	0
TCGA-AY-4071-01A-01W-1073-09	0	7	3	16	9	0	20	36	11	19
TCGA-AY-5543-01A-01D-1650-10	12	33	11	5	9	0	24	19	6	0
TCGA-AY-6197-01A-11D-1719-10	375	49	7	47	475	20	56	0	43	0
TCGA-AY-6386-01A-21D-1719-10	2	40	2	13	11	0	35	0	9	0
TCGA-AY-A54L-01A-11D-A28G-10	29	16	6	16	7	0	32	24	0	18
TCGA-AY-A69D-01A-11D-A36X-10	0	58	0	18	13	34	45	1	28	10
TCGA-AY-A71X-01A-12D-A36X-10	7	34	0	16	0	4	0	14	0	11
TCGA-AY-A8YK-01A-11D-A40P-10	22	18	0	6	0	5	20	0	0	8
TCGA-AZ-4308-01A-01D-1408-10	0	4	0	16	7	1	14	21	4	1
TCGA-AZ-4313-01A-01D-1408-10	155	866	6	18	52	0	81	0	0	0
TCGA-AZ-4315-01A-01D-1408-10	53	0	2557	3932	167	503	0	0	0	0
TCGA-AZ-4614-01A-01D-1408-10	4	16	2	6	21	3	47	34	0	58
TCGA-AZ-4615-01A-01D-1408-10	337	205	18	40	280	0	94	0	0	0
TCGA-AZ-4681-01A-01D-1408-10	7	17	1	3	0	0	26	25	0	0
TCGA-AZ-5403-01A-01D-1650-10	6	12	10	5	0	0	6	0	18	20
TCGA-AZ-5407-01A-01D-1719-10	4	34	0	0	2	12	0	16	7	27
TCGA-AZ-6598-01A-11D-1771-10	1149	438	0	122	247	46	0	0	40	133
TCGA-AZ-6599-01A-11D-1771-10	0	6	2	29	0	0	0	0	226	0
TCGA-AZ-6600-01A-11D-1771-10	6	25	0	5	0	23	39	25	0	19
TCGA-AZ-6601-01A-11D-1771-10	909	943	0	0	259	65	206	0	0	0
TCGA-AZ-6603-01A-11D-1835-10	0	21	3	18	5	0	19	2	7	0
TCGA-AZ-6605-01A-11D-1835-10	12	8	2	23	7	0	30	19	3	0
TCGA-AZ-6606-01A-11D-1835-10	0	41	0	0	6	7	28	6	37	16
TCGA-AZ-6608-01A-11D-1835-10	5	5	3	10	7	0	0	52	0	68
TCGA-CA-5254-01A-21D-1835-10	30	63	4	0	6	0	52	30	17	1
TCGA-CA-5255-01A-11D-1835-10	5	7	2	7	4	0	6	6	7	0
TCGA-CA-5256-01A-01D-1408-10	10	34	5	0	4	0	23	0	4	0
TCGA-CA-5797-01A-01D-1650-10	2	7	0	1	1	0	22	8	25	0
TCGA-CA-6715-01A-21D-1835-10	4	16	0	6	3	17	35	0	0	2
TCGA-CA-6718-01A-11D-1835-10	0	10	3103	628	64	0	0	37	1	74
TCGA-CA-6719-01A-11D-1835-10	4	42	0	10	6	17	27	0	8	0
TCGA-CK-4948-01B-11D-1650-10	16	31	4	0	0	0	26	22	0	9
TCGA-CK-5912-01A-11D-1650-10	7	16	0	7	0	1	0	19	7	0
TCGA-CK-5913-01A-11D-1650-10	245	206	8	0	174	13	139	0	0	0
TCGA-CK-5914-01A-11D-1650-10	17	40	6	11	0	3	2	24	12	27
TCGA-CK-5915-01A-11D-1650-10	0	41	1	0	16	0	25	0	4	1
TCGA-CK-5916-01A-11D-1650-10	486	401	31	5	333	0	47	0	82	0
TCGA-CK-6746-01A-11D-1835-10	479	158	0	41	299	45	0	0	32	70
TCGA-CK-6747-01A-11D-1835-10	4	61	3	21	0	0	0	10	20	7
TCGA-CM-4743-01A-01D-1719-10	393	257	0	0	284	40	97	25	18	0
TCGA-CM-4744-01A-01D-1408-10	0	49	0	1	2	24	67	0	0	6
TCGA-CM-4746-01A-01D-1408-10	266	353	0	9	36	40	0	0	2	16
TCGA-CM-4747-01A-01D-1408-10	13	43	2	0	0	0	0	0	31	11
TCGA-CM-4751-01A-02D-1835-10	19	40	0	1	1	0	0	0	10	23
TCGA-CM-4752-01A-01D-1408-10	1	48	5	12	10	5	47	3	0	0
TCGA-CM-5341-01A-01D-1408-10	0	57	2	0	6	0	12	64	18	2
TCGA-CM-5348-01A-21D-1719-10	0	33	0	41	0	4	0	80	11	18
TCGA-CM-5349-01A-21D-1719-10	0	41	3	20	3	0	23	0	4	10
TCGA-CM-5860-01A-01D-1650-10	0	31	0	12	6	11	49	0	0	8
TCGA-CM-5861-01A-01D-1650-10	584	92	0	76	457	24	0	58	42	79
TCGA-CM-5862-01A-01D-1650-10	4	37	3	0	5	0	2	0	12	28
TCGA-CM-5864-01A-01D-1650-10	30	7	4	19	11	10	41	46	18	21
TCGA-CM-5868-01A-01D-1650-10	16	20	8	3	11	0	18	11	6	7
TCGA-CM-6161-01A-11D-1650-10	2	25	0	0	6	3	61	0	2	0
TCGA-CM-6163-01A-11D-1650-10	1	28	2	11	0	0	38	14	11	1
TCGA-CM-6164-01A-11D-1650-10	4	12	0	16	5	6	19	0	11	3
TCGA-CM-6165-01A-11D-1650-10	20	13	0	0	4	11	9	50	2	0
TCGA-CM-6166-01A-11D-1650-10	22	17	0	8	0	10	0	6	3	18
TCGA-CM-6167-01A-11D-1650-10	4	29	2	0	4	5	27	0	5	3
TCGA-CM-6168-01A-11D-1650-10	45	24	0	12	22	9	58	28	11	11
TCGA-CM-6169-01A-11D-1650-10	13	35	1	0	5	7	16	25	0	10
TCGA-CM-6170-01A-11D-1650-10	8	22	0	4	0	0	25	0	34	5
TCGA-CM-6171-01A-11D-1650-10	366	382	22	0	224	0	177	0	0	0
TCGA-CM-6172-01A-11D-1650-10	4	24	1	19	0	5	15	0	19	19
TCGA-CM-6674-01A-11D-1835-10	265	320	4	24	181	0	0	18	17	0
TCGA-CM-6675-01A-11D-1835-10	9	16	0	0	0	1	25	0	13	14
TCGA-CM-6676-01A-11D-1835-10	12	35	3	19	0	0	0	0	11	24
TCGA-CM-6677-01A-11D-1835-10	14	55	0	1	0	25	0	0	22	25
TCGA-CM-6678-01A-11D-1835-10	16	52	0	0	0	0	61	0	15	0
TCGA-CM-6679-01A-11D-1835-10	18	18	0	3	0	0	0	0	15	13
TCGA-CM-6680-01A-11D-1835-10	0	30	1	18	3	0	9	15	12	2
TCGA-D5-5537-01A-21D-1924-10	18	28	6	8	0	2	12	5	16	9
TCGA-D5-5538-01A-01D-1650-10	6	13	3	9	21	0	48	16	0	0
TCGA-D5-5540-01A-01D-1650-10	1	40	0	13	0	5	15	12	9	24
TCGA-D5-5541-01A-01D-1650-10	0	21	0	10	0	0	26	0	7	0
TCGA-D5-6529-01A-11D-1771-10	16	34	7	16	3	0	37	0	0	0
TCGA-D5-6530-01A-11D-1719-10	375	309	9	0	204	0	54	19	20	0
TCGA-D5-6531-01A-11D-1719-10	2	67	5	12	0	13	28	7	21	35
TCGA-D5-6532-01A-11D-1719-10	3	28	8	13	0	0	0	38	21	13
TCGA-D5-6533-01A-11D-1719-10	0	14	6	29	11	0	32	52	3	30
TCGA-D5-6535-01A-11D-1719-10	8	15	3	6	0	19	35	59	27	4
TCGA-D5-6536-01A-11D-1719-10	19	24	0	9	1	0	1	30	0	13
TCGA-D5-6537-01A-11D-1719-10	0	32	12	8	13	1	37	9	0	0
TCGA-D5-6538-01A-11D-1719-10	22	56	0	13	0	3	0	0	27	26
TCGA-D5-6539-01A-11D-1719-10	3	20	6	8	7	0	1	30	16	8
TCGA-D5-6541-01A-11D-1719-10	2	51	0	0	14	0	5	24	0	0
TCGA-D5-6898-01A-11D-1924-10	6	26	5	0	0	4	0	23	5	13
TCGA-D5-6920-01A-11D-1924-10	12	38	2	4	0	0	0	27	29	2
TCGA-D5-6922-01A-11D-1924-10	10	36	1	11	0	1	0	0	24	24
TCGA-D5-6924-01A-11D-1924-10	0	28	0	2	9	13	50	13	21	4
TCGA-D5-6926-01A-11D-1924-10	0	29	0	9	5	0	20	31	3	15
TCGA-D5-6927-01A-21D-1924-10	265	103	0	11	229	32	0	0	11	0
TCGA-D5-6931-01A-11D-1924-10	9	0	10	37	16	0	0	0	8	242
TCGA-D5-6932-01A-11D-1924-10	11	16	12	1	2	1	28	22	3	36
TCGA-DM-A0X9-01A-11D-A152-10	14	36	10	29	0	1	40	16	19	26
TCGA-DM-A0XD-01A-12D-A152-10	26	37	7	19	0	0	59	0	19	4
TCGA-DM-A0XF-01A-11D-A152-10	2	0	8	14	10	0	42	37	18	0
TCGA-DM-A1D0-01A-11D-A152-10	0	27	5	7	5	0	1	63	5	11
TCGA-DM-A1D4-01A-21D-A152-10	19	79	8	0	5	10	26	14	8	18
TCGA-DM-A1D8-01A-11D-A152-10	19	11	7	18	2	0	37	5	0	64
TCGA-DM-A1D9-01A-11D-A152-10	7	9	9	9	4	0	43	43	2	8
TCGA-DM-A1DA-01A-11D-A152-10	43	13	0	12	0	23	58	57	13	78
TCGA-DM-A1DB-01A-11D-A152-10	5	12	2	7	0	0	11	13	1	10
TCGA-DM-A1HA-01A-11D-A152-10	16	41	0	0	0	13	25	31	8	16
TCGA-DM-A28C-01A-11D-A16V-10	9	31	4	0	0	0	3	34	16	5
TCGA-DM-A28E-01A-11D-A16V-10	0	17	3	7	14	7	22	12	0	0
TCGA-DM-A28F-01A-11D-A16V-10	22	7	17	21	0	0	10	44	24	103
TCGA-DM-A28G-01A-11D-A16V-10	13	33	0	7	9	6	39	11	5	6
TCGA-DM-A28H-01A-11D-A16V-10	11	24	3	9	0	5	0	36	23	9
TCGA-DM-A28M-01A-12D-A16V-10	5	40	0	8	0	4	0	0	19	17
TCGA-F4-6459-01A-11D-1771-10	0	12	3	24	10	0	14	38	17	9
TCGA-F4-6460-01A-11D-1771-10	21	15	13	16	0	0	42	30	12	7
TCGA-F4-6461-01A-11D-1771-10	22	36	5	9	13	0	0	18	35	11
TCGA-F4-6569-01A-11D-1771-10	0	13	12	12	7	0	5	17	0	55
TCGA-F4-6570-01A-11D-1771-10	685	272	24	85	192	15	123	0	70	141
TCGA-F4-6805-01A-11D-1835-10	6	22	3	0	9	0	11	20	0	0
TCGA-F4-6806-01A-11D-1835-10	2	46	5	1	6	4	0	17	25	2
TCGA-F4-6807-01A-11D-1835-10	21	0	8	0	10	8	66	48	12	0
TCGA-F4-6808-01A-11D-1835-10	11	39	1	4	0	7	52	18	0	6
TCGA-F4-6854-01A-11D-1924-10	8	3	2	10	9	0	39	31	13	4
TCGA-F4-6855-01A-11D-1924-10	10	20	1	7	0	6	23	16	11	15
TCGA-G4-6293-01A-11D-1719-10	7	30	9	3	5	0	23	0	32	13
TCGA-G4-6294-01A-11D-1806-10	29	10	0	13	0	8	0	71	0	29
TCGA-G4-6295-01A-11D-1719-10	5	17	0	18	14	7	3	62	11	14
TCGA-G4-6297-01A-11D-1719-10	0	30	5	18	10	0	13	13	0	0
TCGA-G4-6298-01A-11D-1719-10	1	37	5	0	2	0	0	15	13	4
TCGA-G4-6299-01A-11D-1771-10	32	20	6	17	0	0	29	33	8	18
TCGA-G4-6303-01A-11D-1771-10	1	41	10	10	4	0	19	20	1	0
TCGA-G4-6304-01A-11D-1924-10	381	153	15	37	144	0	78	0	66	0
TCGA-G4-6306-01A-11D-1771-10	19	37	0	4	11	11	0	11	7	24
TCGA-G4-6307-01A-11D-1719-10	14	9	8	10	0	0	26	1	0	10
TCGA-G4-6309-01A-21D-1835-10	184	362	6	0	133	0	24	39	0	0
TCGA-G4-6310-01A-11D-1719-10	6	36	0	12	1	11	1	21	14	8
TCGA-G4-6311-01A-11D-1719-10	17	15	0	1	0	17	61	14	0	27
TCGA-G4-6314-01A-11D-1719-10	9	55	0	6	2	16	0	48	15	0
TCGA-G4-6315-01A-11D-1719-10	11	44	9	0	1	2	0	69	10	6
TCGA-G4-6317-01A-11D-1719-10	0	42	6	2	5	0	22	11	19	0
TCGA-G4-6317-02A-11D-2067-10	21	19	0	6	0	16	0	41	9	19
TCGA-G4-6320-01A-11D-1719-10	347	372	12	25	44	30	164	4	55	6
TCGA-G4-6321-01A-11D-1719-10	3	17	1	6	1	3	18	8	6	0
TCGA-G4-6323-01A-11D-1719-10	21	24	2	0	0	0	9	5	8	18
TCGA-G4-6586-01A-11D-1771-10	335	339	0	28	276	34	25	12	2	41
TCGA-G4-6588-01A-11D-1771-10	933	248	0	40	551	51	0	67	111	22
TCGA-G4-6625-01A-21D-1771-10	8	18	1	6	3	0	18	46	0	12
TCGA-G4-6626-01A-11D-1771-10	19	58	0	0	0	0	41	0	22	0
TCGA-G4-6627-01A-11D-2188-10	0	25	0	0	5	11	0	48	0	0
TCGA-G4-6628-01A-11D-1835-10	1161	342	51	0	156	0	16	0	187	30
TCGA-NH-A50T-01A-11D-A28G-10	4	55	8	27	1	0	45	0	0	8
TCGA-NH-A50V-01A-11D-A28G-10	17	64	7	0	4	10	0	35	17	16
TCGA-NH-A6GA-01A-11D-A36X-10	5	18	3	11	0	0	37	5	4	8
TCGA-NH-A6GB-01A-11D-A36X-10	6	47	5	9	9	0	21	4	43	22
TCGA-NH-A8F7-06A-31D-A40P-10	0	38	0	13	7	15	4	20	12	1
TCGA-NH-A8F8-01A-72D-A40P-10	17	25	0	2	0	0	45	0	0	16
TCGA-QG-A5YV-01A-11D-A28G-10	15	54	8	7	1	4	0	16	25	41
TCGA-QG-A5YW-01A-11D-A28G-10	19	34	14	5	18	0	27	24	5	16
TCGA-QG-A5YX-01A-11D-A28G-10	3	46	3	0	3	5	31	0	0	5
TCGA-QG-A5Z2-01A-11D-A28G-10	429	264	23	26	173	0	49	42	33	0
TCGA-QL-A97D-01A-12D-A40P-10	38	35	11	14	0	19	37	26	3	51
TCGA-SS-A7HO-01A-21D-A36X-10	19	36	5	0	5	1	41	34	4	27
TCGA-T9-A92H-01A-11D-A36X-10	27	22	8	4	0	0	16	36	17	56
