Samples	SBS96A	SBS96B	SBS96C	SBS96D	SBS96E
TCGA-4N-A93T-01A-11D-A36X-10	6	26	8	11	49
TCGA-5M-AAT4-01A-11D-A40P-10	35	56	18	0	71
TCGA-5M-AAT5-01A-21D-A40P-10	5	36	6	0	28
TCGA-5M-AAT6-01A-11D-A40P-10	998	788	0	109	4
TCGA-5M-AATA-01A-31D-A40P-10	11	45	3	8	14
TCGA-5M-AATE-01A-11D-A40P-10	14	54	8	5	61
TCGA-A6-2671-01A-01D-1408-10	16	36	6	3	25
TCGA-A6-2672-01B-03D-2298-08	669	179	0	143	164
TCGA-A6-2675-01A-02D-1719-10	13	58	1	0	29
TCGA-A6-2677-01A-01D-A270-10	0	63	5	25	50
TCGA-A6-2677-01B-02D-A270-10	1	52	4	29	46
TCGA-A6-2678-01A-01D-1953-10	0	7	2	7	9
TCGA-A6-2679-01A-02D-1408-10	38	53	2	20	45
TCGA-A6-2681-01A-01D-1408-10	4	69	6	6	70
TCGA-A6-2682-01A-01D-1408-10	0	14	0	26	40
TCGA-A6-2683-01A-01D-1953-10	0	19	0	1	18
TCGA-A6-2684-01A-01D-A270-10	4	44	0	13	56
TCGA-A6-2684-01C-08D-A270-10	5	44	0	14	42
TCGA-A6-2685-01A-01D-1408-10	0	16	3	4	30
TCGA-A6-2686-01A-01D-1408-10	1211	611	30	65	108
TCGA-A6-3807-01A-01W-0995-10	0	5	1	27	71
TCGA-A6-3808-01A-01W-0995-10	39	42	5	12	44
TCGA-A6-3810-01A-01D-A270-10	7	45	1	20	97
TCGA-A6-4105-01A-02D-1771-10	43	58	2	0	71
TCGA-A6-4107-01A-02D-1408-10	19	73	13	1	89
TCGA-A6-5656-01A-21D-1835-10	0	62	0	15	27
TCGA-A6-5656-01A-21D-A270-10	0	71	0	16	23
TCGA-A6-5657-01A-01D-1650-10	0	37	3	18	67
TCGA-A6-5659-01A-01D-1650-10	0	65	13	30	91
TCGA-A6-5659-01A-01D-A270-10	0	75	16	28	93
TCGA-A6-5659-01B-04D-A270-10	0	44	11	38	92
TCGA-A6-5660-01A-01D-1650-10	3	62	5	11	47
TCGA-A6-5661-01A-01D-1650-10	706	438	35	3	14
TCGA-A6-5662-01A-01D-1650-10	4	15	0	13	28
TCGA-A6-5664-01A-21D-1835-10	0	21	8	0	22
TCGA-A6-5665-01A-01D-1650-10	1046	440	13	126	43
TCGA-A6-5666-01A-01D-1650-10	0	45	13	4	30
TCGA-A6-5667-01A-21D-1719-10	0	14	0	10	44
TCGA-A6-6138-01A-11D-1771-10	9	34	2	11	60
TCGA-A6-6142-01A-11D-1771-10	0	25	0	5	50
TCGA-A6-6649-01A-11D-1771-10	17	43	5	5	46
TCGA-A6-6651-01A-21D-1835-10	13	20	0	0	54
TCGA-A6-6652-01A-11D-1771-10	15	18	0	4	48
TCGA-A6-6653-01A-11D-1771-10	432	459	10	25	145
TCGA-A6-6654-01A-21D-1835-10	0	150	5	0	45
TCGA-A6-6782-01A-11D-1835-10	10	22	17	16	84
TCGA-A6-A567-01A-31D-A28G-10	0	20	7	9	27
TCGA-A6-A56B-01A-31D-A28G-10	0	54	3	9	31
TCGA-A6-A5ZU-01A-11D-A28G-10	19	46	6	9	23
TCGA-AA-3489-01A-21D-1835-10	1	15	14	9	60
TCGA-AA-3492-01A-01D-1408-10	1333	566	12	133	0
TCGA-AA-3494-01A-01D-1408-10	4	39	2	0	46
TCGA-AA-3495-01A-01D-1408-10	5	57	10	1	51
TCGA-AA-3496-01A-21D-1835-10	4	51	7	6	29
TCGA-AA-3502-01A-01D-1408-10	0	104	5	39	52
TCGA-AA-3506-01A-01D-2188-10	0	93	5	17	54
TCGA-AA-3509-01A-01D-1408-10	0	48	0	6	39
TCGA-AA-3511-01A-21D-1835-10	0	18	6	24	66
TCGA-AA-3514-01A-02D-1953-10	0	24	1	0	6
TCGA-AA-3517-01A-01D-1953-10	0	6	0	0	9
TCGA-AA-3519-01A-02D-1953-10	5	8	0	13	0
TCGA-AA-3520-01A-01D-1953-10	4	20	1	0	3
TCGA-AA-3521-01A-01D-1953-10	0	8	3	0	4
TCGA-AA-3522-01A-01W-0831-10	0	7	2	4	12
TCGA-AA-3524-01A-02D-1953-10	1	2	0	1	9
TCGA-AA-3529-01A-02D-1953-10	0	12	0	0	9
TCGA-AA-3530-01A-01W-0995-10	1	46	5	0	44
TCGA-AA-3532-01A-01D-1953-10	0	3	0	6	9
TCGA-AA-3534-01A-01D-1953-10	1	20	0	0	10
TCGA-AA-3538-01A-01D-1953-10	4	4	0	0	8
TCGA-AA-3544-01A-01D-1953-10	5	12	0	7	1
TCGA-AA-3548-01A-01D-1953-10	0	16	0	3	4
TCGA-AA-3549-01A-02D-1953-10	5	9	0	4	0
TCGA-AA-3561-01A-01D-1953-10	0	12	0	0	5
TCGA-AA-3655-01A-02D-1719-10	28	36	0	5	18
TCGA-AA-3660-01A-01D-1719-10	17	42	5	20	39
TCGA-AA-3662-01A-01D-1719-10	0	30	7	0	46
TCGA-AA-3663-01A-01D-1719-10	1584	0	29	104	168
TCGA-AA-3664-01A-01W-0900-09	0	66	1	17	75
TCGA-AA-3666-01A-02W-0900-09	48	21	12	10	96
TCGA-AA-3667-01A-01W-0900-09	25	16	0	4	22
TCGA-AA-3672-01A-01W-0900-09	1245	325	19	77	0
TCGA-AA-3673-01A-01W-0900-09	3	38	4	0	28
TCGA-AA-3675-01A-02W-0900-09	0	50	3	3	44
TCGA-AA-3678-01A-01W-0900-09	0	36	2	10	23
TCGA-AA-3679-01A-02W-0900-09	4	28	0	0	42
TCGA-AA-3680-01A-01W-0900-09	0	48	6	27	28
TCGA-AA-3681-01A-01W-0900-09	0	63	3	7	53
TCGA-AA-3685-01A-02W-0900-09	0	31	4	6	46
TCGA-AA-3688-01A-01W-0900-09	0	18	10	4	43
TCGA-AA-3693-01A-01W-0900-09	13	22	1	0	124
TCGA-AA-3696-01A-01W-0900-09	12	32	10	0	37
TCGA-AA-3697-01A-01D-1719-10	18	33	8	16	129
TCGA-AA-3712-01A-21D-1719-10	3	0	20	10	126
TCGA-AA-3713-01A-21D-1719-10	601	323	15	0	0
TCGA-AA-3812-01A-01W-0900-09	3	34	4	25	52
TCGA-AA-3814-01A-01W-0900-09	7	45	12	0	43
TCGA-AA-3815-01A-01W-0995-10	437	196	0	95	150
TCGA-AA-3818-01A-01W-0900-09	12	40	18	10	72
TCGA-AA-3831-01A-01W-0900-09	7	39	7	21	31
TCGA-AA-3833-01A-01W-0900-09	387	202	7	1	11
TCGA-AA-3841-01A-01W-0900-09	0	31	5	0	39
TCGA-AA-3842-01A-01W-0995-10	0	26	1	13	61
TCGA-AA-3844-01A-01W-0995-10	12	5	0	11	100
TCGA-AA-3845-01A-01D-1981-10	540	282	34	39	73
TCGA-AA-3845-01A-01W-0995-10	502	199	35	57	93
TCGA-AA-3846-01A-01W-0995-10	4	25	3	10	55
TCGA-AA-3848-01A-01W-0900-09	4	60	0	13	81
TCGA-AA-3851-01A-01W-0995-10	0	41	0	12	39
TCGA-AA-3855-01A-01W-0995-10	6	55	8	0	76
TCGA-AA-3856-01A-01W-0900-09	0	23	0	11	28
TCGA-AA-3858-01A-01W-0900-09	0	30	0	8	24
TCGA-AA-3860-01A-02W-0900-09	0	7	0	6	40
TCGA-AA-3861-01A-01W-0995-10	0	61	8	4	48
TCGA-AA-3862-01A-01W-0995-10	18	20	8	0	50
TCGA-AA-3864-01A-01D-1981-10	1317	1541	21	0	0
TCGA-AA-3866-01A-01W-0995-10	6	52	0	13	51
TCGA-AA-3867-01A-01W-0995-10	0	30	5	3	60
TCGA-AA-3869-01A-01W-0995-10	4	23	0	23	29
TCGA-AA-3870-01A-01W-0995-10	16	52	6	5	47
TCGA-AA-3875-01A-01W-0900-09	0	44	2	22	61
TCGA-AA-3930-01A-01W-0995-10	21	12	4	32	138
TCGA-AA-3939-01A-01W-0995-10	0	34	0	20	65
TCGA-AA-3941-01A-01W-0995-10	5	46	2	12	46
TCGA-AA-3952-01A-01W-0995-10	5	20	5	1	61
TCGA-AA-3955-01A-02W-0995-10	3	15	7	0	108
TCGA-AA-3956-01A-02W-0995-10	4	36	1	19	72
TCGA-AA-3967-01A-01W-1073-09	14	41	7	0	94
TCGA-AA-3968-01A-01W-0995-10	0	40	9	8	70
TCGA-AA-3971-01A-01W-0995-10	0	16	0	11	61
TCGA-AA-3972-01A-01W-0995-10	0	23	1	15	55
TCGA-AA-3977-01A-01D-1981-10	0	173	3335	1136	0
TCGA-AA-3977-01A-01W-0995-10	0	136	2765	1004	0
TCGA-AA-3979-01A-01W-0995-10	26	34	6	13	71
TCGA-AA-3980-01A-02W-0995-10	2	35	5	14	47
TCGA-AA-3982-01A-02W-0995-10	8	36	3	23	55
TCGA-AA-3984-01A-02D-1981-10	0	92	2286	3274	0
TCGA-AA-3984-01A-02W-0995-10	0	61	2069	2784	0
TCGA-AA-3986-01A-02W-0995-10	0	45	10	0	37
TCGA-AA-3989-01A-01W-0995-10	28	43	6	1	37
TCGA-AA-A004-01A-01W-A00E-09	12	26	0	0	31
TCGA-AA-A00O-01A-02W-A00E-09	12	18	3	4	50
TCGA-AA-A00Z-01A-01D-A17O-10	2	4	0	0	5
TCGA-AA-A010-01A-01D-A17O-10	944	515	5310	2044	0
TCGA-AA-A010-01A-01W-A00E-09	592	416	5145	1742	0
TCGA-AA-A017-01A-01W-A00E-09	0	17	0	4	30
TCGA-AA-A01C-01A-01W-A00E-09	0	19	6	0	52
TCGA-AA-A01I-01A-02W-A00E-09	11	43	10	3	44
TCGA-AA-A01K-01A-01W-A00E-09	25	6	7	0	101
TCGA-AA-A01P-01A-21D-A17O-10	459	281	16	46	38
TCGA-AA-A01P-01A-21W-A096-10	241	137	16	46	117
TCGA-AA-A01S-01A-21W-A096-10	10	24	4	0	25
TCGA-AA-A01T-01A-21W-A096-10	4	18	2	8	64
TCGA-AA-A01V-01A-23W-A096-10	14	44	9	17	40
TCGA-AA-A01X-01A-21W-A096-10	0	31	5	1	36
TCGA-AA-A01Z-01A-11W-A096-10	0	42	2	9	42
TCGA-AA-A022-01A-21D-A17O-10	764	637	15	62	0
TCGA-AA-A022-01A-21W-A096-10	657	500	19	69	16
TCGA-AA-A024-01A-02W-A00E-09	6	33	2	6	32
TCGA-AA-A029-01A-01W-A00E-09	0	26	8	7	44
TCGA-AA-A02E-01A-01W-A00E-09	15	19	6	11	111
TCGA-AA-A02H-01A-01W-A00E-09	7	18	8	11	29
TCGA-AA-A02J-01A-01W-A00E-09	5	11	10	31	70
TCGA-AA-A02K-01A-21W-A096-10	26	34	3	13	63
TCGA-AA-A02O-01A-21W-A096-10	0	70	0	13	82
TCGA-AA-A02R-01A-01W-A00E-09	656	181	21	43	163
TCGA-AA-A02W-01A-01W-A00E-09	17	36	3	0	39
TCGA-AA-A02Y-01A-43W-A096-10	0	29	9	24	50
TCGA-AA-A03J-01A-21W-A096-10	0	28	4	18	51
TCGA-AD-6548-01A-11D-1835-10	0	42	2	9	76
TCGA-AD-6888-01A-11D-1924-10	9	63	0	17	16
TCGA-AD-6889-01A-11D-1924-10	1125	358	22	35	98
TCGA-AD-6890-01A-11D-1924-10	0	64	8	0	39
TCGA-AD-6895-01A-11D-1924-10	876	375	0	174	311
TCGA-AD-6901-01A-11D-1924-10	33	57	16	35	129
TCGA-AD-6963-01A-11D-1924-10	14	25	0	0	36
TCGA-AD-6964-01A-11D-1924-10	1243	0	0	147	233
TCGA-AD-6965-01A-11D-1924-10	19	57	8	6	43
TCGA-AD-A5EJ-01A-11D-A28G-10	1005	281	50	3	99
TCGA-AD-A5EK-01A-11D-A28G-10	17	30	4	0	53
TCGA-AM-5820-01A-01D-1650-10	4	33	7	0	22
TCGA-AU-3779-01A-01D-1719-10	7	50	12	0	45
TCGA-AU-6004-01A-11D-1719-10	440	366	6	70	12
TCGA-AY-4071-01A-01W-1073-09	3	14	0	25	79
TCGA-AY-5543-01A-01D-1650-10	10	44	11	7	47
TCGA-AY-6197-01A-11D-1719-10	782	54	0	118	118
TCGA-AY-6386-01A-21D-1719-10	0	48	1	16	47
TCGA-AY-A54L-01A-11D-A28G-10	34	30	6	17	61
TCGA-AY-A69D-01A-11D-A36X-10	0	75	18	27	87
TCGA-AY-A71X-01A-12D-A36X-10	3	47	2	17	17
TCGA-AY-A8YK-01A-11D-A40P-10	26	32	3	4	14
TCGA-AZ-4308-01A-01D-1408-10	2	8	0	21	37
TCGA-AZ-4313-01A-01D-1408-10	47	1057	0	0	74
TCGA-AZ-4315-01A-01D-1408-10	0	130	2695	4387	0
TCGA-AZ-4614-01A-01D-1408-10	17	37	3	10	124
TCGA-AZ-4615-01A-01D-1408-10	543	275	9	58	89
TCGA-AZ-4681-01A-01D-1408-10	2	29	0	3	45
TCGA-AZ-5403-01A-01D-1650-10	9	17	11	7	33
TCGA-AZ-5407-01A-01D-1719-10	7	47	7	0	41
TCGA-AZ-6598-01A-11D-1771-10	1489	585	13	88	0
TCGA-AZ-6599-01A-11D-1771-10	7	0	0	61	195
TCGA-AZ-6600-01A-11D-1771-10	4	46	14	6	72
TCGA-AZ-6601-01A-11D-1771-10	1111	1183	18	0	70
TCGA-AZ-6603-01A-11D-1835-10	0	25	2	20	28
TCGA-AZ-6605-01A-11D-1835-10	13	18	1	28	44
TCGA-AZ-6606-01A-11D-1835-10	7	46	5	1	82
TCGA-AZ-6608-01A-11D-1835-10	27	19	2	13	89
TCGA-CA-5254-01A-21D-1835-10	27	82	3	0	91
TCGA-CA-5255-01A-11D-1835-10	7	8	2	8	19
TCGA-CA-5256-01A-01D-1408-10	5	45	5	0	25
TCGA-CA-5797-01A-01D-1650-10	7	7	0	5	47
TCGA-CA-6715-01A-21D-1835-10	4	28	9	9	33
TCGA-CA-6718-01A-11D-1835-10	0	0	3240	662	15
TCGA-CA-6719-01A-11D-1835-10	2	59	9	14	30
TCGA-CK-4948-01B-11D-1650-10	12	45	3	0	48
TCGA-CK-5912-01A-11D-1650-10	9	22	0	8	18
TCGA-CK-5913-01A-11D-1650-10	380	295	12	0	98
TCGA-CK-5914-01A-11D-1650-10	18	59	8	10	47
TCGA-CK-5915-01A-11D-1650-10	0	50	0	0	38
TCGA-CK-5916-01A-11D-1650-10	752	496	20	15	102
TCGA-CK-6746-01A-11D-1835-10	793	220	16	60	35
TCGA-CK-6747-01A-11D-1835-10	0	72	2	21	31
TCGA-CM-4743-01A-01D-1719-10	620	331	12	8	143
TCGA-CM-4744-01A-01D-1408-10	0	65	13	2	69
TCGA-CM-4746-01A-01D-1408-10	288	416	18	0	0
TCGA-CM-4747-01A-01D-1408-10	16	54	2	0	28
TCGA-CM-4751-01A-02D-1835-10	22	57	0	0	15
TCGA-CM-4752-01A-01D-1408-10	0	62	7	14	48
TCGA-CM-5341-01A-01D-1408-10	0	69	1	0	91
TCGA-CM-5348-01A-21D-1719-10	0	52	1	50	84
TCGA-CM-5349-01A-21D-1719-10	0	53	2	21	28
TCGA-CM-5860-01A-01D-1650-10	0	42	4	14	57
TCGA-CM-5861-01A-01D-1650-10	1086	139	0	129	58
TCGA-CM-5862-01A-01D-1650-10	8	45	3	0	35
TCGA-CM-5864-01A-01D-1650-10	45	23	10	26	103
TCGA-CM-5868-01A-01D-1650-10	20	29	8	4	39
TCGA-CM-6161-01A-11D-1650-10	0	35	2	0	62
TCGA-CM-6163-01A-11D-1650-10	0	36	1	13	56
TCGA-CM-6164-01A-11D-1650-10	5	17	2	20	32
TCGA-CM-6165-01A-11D-1650-10	30	22	7	0	50
TCGA-CM-6166-01A-11D-1650-10	24	31	7	6	16
TCGA-CM-6167-01A-11D-1650-10	0	38	5	0	36
TCGA-CM-6168-01A-11D-1650-10	62	43	4	16	95
TCGA-CM-6169-01A-11D-1650-10	14	48	6	0	44
TCGA-CM-6170-01A-11D-1650-10	12	29	0	7	50
TCGA-CM-6171-01A-11D-1650-10	502	494	15	0	160
TCGA-CM-6172-01A-11D-1650-10	0	36	4	21	45
TCGA-CM-6674-01A-11D-1835-10	384	396	0	19	30
TCGA-CM-6675-01A-11D-1835-10	10	25	1	0	42
TCGA-CM-6676-01A-11D-1835-10	8	51	3	20	22
TCGA-CM-6677-01A-11D-1835-10	17	79	16	0	30
TCGA-CM-6678-01A-11D-1835-10	7	71	0	0	66
TCGA-CM-6679-01A-11D-1835-10	26	28	0	2	11
TCGA-CM-6680-01A-11D-1835-10	0	36	0	20	34
TCGA-D5-5537-01A-21D-1924-10	16	36	8	9	35
TCGA-D5-5538-01A-01D-1650-10	8	25	2	14	67
TCGA-D5-5540-01A-01D-1650-10	0	54	2	13	50
TCGA-D5-5541-01A-01D-1650-10	0	25	0	11	28
TCGA-D5-6529-01A-11D-1771-10	8	51	7	16	31
TCGA-D5-6530-01A-11D-1719-10	540	383	2	0	65
TCGA-D5-6531-01A-11D-1719-10	0	85	13	13	79
TCGA-D5-6532-01A-11D-1719-10	1	38	9	16	60
TCGA-D5-6533-01A-11D-1719-10	3	28	6	37	103
TCGA-D5-6535-01A-11D-1719-10	12	29	15	11	109
TCGA-D5-6536-01A-11D-1719-10	23	36	0	7	31
TCGA-D5-6537-01A-11D-1719-10	0	41	12	9	50
TCGA-D5-6538-01A-11D-1719-10	25	76	2	12	32
TCGA-D5-6539-01A-11D-1719-10	9	24	6	12	48
TCGA-D5-6541-01A-11D-1719-10	0	60	0	0	36
TCGA-D5-6898-01A-11D-1924-10	4	38	8	0	32
TCGA-D5-6920-01A-11D-1924-10	15	45	2	5	47
TCGA-D5-6922-01A-11D-1924-10	12	50	1	11	33
TCGA-D5-6924-01A-11D-1924-10	0	39	7	7	87
TCGA-D5-6926-01A-11D-1924-10	0	41	0	9	62
TCGA-D5-6927-01A-21D-1924-10	471	132	11	29	8
TCGA-D5-6931-01A-11D-1924-10	73	28	10	49	162
TCGA-D5-6932-01A-11D-1924-10	16	29	15	1	71
TCGA-DM-A0X9-01A-11D-A152-10	9	53	10	32	87
TCGA-DM-A0XD-01A-12D-A152-10	17	58	7	20	69
TCGA-DM-A0XF-01A-11D-A152-10	9	0	5	25	92
TCGA-DM-A1D0-01A-11D-A152-10	2	37	4	9	72
TCGA-DM-A1D4-01A-21D-A152-10	13	101	13	0	60
TCGA-DM-A1D8-01A-11D-A152-10	27	32	8	20	76
TCGA-DM-A1D9-01A-11D-A152-10	7	19	9	12	87
TCGA-DM-A1DA-01A-11D-A152-10	68	43	14	13	159
TCGA-DM-A1DB-01A-11D-A152-10	2	21	2	6	30
TCGA-DM-A1HA-01A-11D-A152-10	14	62	8	0	66
TCGA-DM-A28C-01A-11D-A16V-10	9	40	4	0	49
TCGA-DM-A28E-01A-11D-A16V-10	0	25	8	11	38
TCGA-DM-A28F-01A-11D-A16V-10	49	22	19	24	134
TCGA-DM-A28G-01A-11D-A16V-10	13	47	3	9	57
TCGA-DM-A28H-01A-11D-A16V-10	16	36	6	12	50
TCGA-DM-A28M-01A-12D-A16V-10	5	50	2	8	28
TCGA-F4-6459-01A-11D-1771-10	0	18	1	33	75
TCGA-F4-6460-01A-11D-1771-10	19	28	13	19	77
TCGA-F4-6461-01A-11D-1771-10	37	39	4	13	56
TCGA-F4-6569-01A-11D-1771-10	0	25	14	15	67
TCGA-F4-6570-01A-11D-1771-10	966	392	28	80	141
TCGA-F4-6805-01A-11D-1835-10	8	29	3	0	31
TCGA-F4-6806-01A-11D-1835-10	3	55	7	2	41
TCGA-F4-6807-01A-11D-1835-10	37	3	13	5	115
TCGA-F4-6808-01A-11D-1835-10	1	61	6	3	67
TCGA-F4-6854-01A-11D-1924-10	13	9	0	16	81
TCGA-F4-6855-01A-11D-1924-10	8	33	5	8	55
TCGA-G4-6293-01A-11D-1719-10	10	36	9	6	61
TCGA-G4-6294-01A-11D-1806-10	46	31	6	11	66
TCGA-G4-6295-01A-11D-1719-10	19	25	3	23	81
TCGA-G4-6297-01A-11D-1719-10	0	34	5	20	30
TCGA-G4-6298-01A-11D-1719-10	0	42	5	0	30
TCGA-G4-6299-01A-11D-1771-10	35	38	6	19	65
TCGA-G4-6303-01A-11D-1771-10	0	48	10	9	39
TCGA-G4-6304-01A-11D-1924-10	540	209	11	41	73
TCGA-G4-6306-01A-11D-1771-10	29	52	6	3	34
TCGA-G4-6307-01A-11D-1719-10	9	21	9	10	29
TCGA-G4-6309-01A-21D-1835-10	236	434	0	0	78
TCGA-G4-6310-01A-11D-1719-10	6	49	6	13	36
TCGA-G4-6311-01A-11D-1719-10	16	38	11	1	86
TCGA-G4-6314-01A-11D-1719-10	13	71	9	7	51
TCGA-G4-6315-01A-11D-1719-10	12	58	10	0	72
TCGA-G4-6317-01A-11D-1719-10	0	46	5	5	51
TCGA-G4-6317-02A-11D-2067-10	29	36	11	4	51
TCGA-G4-6320-01A-11D-1719-10	387	479	30	5	158
TCGA-G4-6321-01A-11D-1719-10	0	22	2	7	32
TCGA-G4-6323-01A-11D-1719-10	24	35	1	0	27
TCGA-G4-6586-01A-11D-1771-10	538	434	9	36	75
TCGA-G4-6588-01A-11D-1771-10	1538	324	6	77	78
TCGA-G4-6625-01A-21D-1771-10	8	30	0	7	67
TCGA-G4-6626-01A-11D-1771-10	9	73	0	0	58
TCGA-G4-6627-01A-11D-2188-10	2	36	7	0	44
TCGA-G4-6628-01A-11D-1835-10	1483	425	35	0	0
TCGA-NH-A50T-01A-11D-A28G-10	0	68	7	27	46
TCGA-NH-A50V-01A-11D-A28G-10	21	76	14	0	59
TCGA-NH-A6GA-01A-11D-A36X-10	0	27	3	11	50
TCGA-NH-A6GB-01A-11D-A36X-10	13	54	4	15	80
TCGA-NH-A8F7-06A-31D-A40P-10	0	47	8	17	38
TCGA-NH-A8F8-01A-72D-A40P-10	8	44	0	0	53
TCGA-QG-A5YV-01A-11D-A28G-10	21	69	11	7	63
TCGA-QG-A5YW-01A-11D-A28G-10	22	47	15	6	72
TCGA-QG-A5YX-01A-11D-A28G-10	0	57	5	0	34
TCGA-QG-A5Z2-01A-11D-A28G-10	595	335	18	20	71
TCGA-QL-A97D-01A-12D-A40P-10	48	63	24	13	86
TCGA-SS-A7HO-01A-21D-A36X-10	21	52	7	0	92
TCGA-T9-A92H-01A-11D-A36X-10	41	38	8	3	96
