Samples	SBS96A	SBS96B	SBS96C	SBS96D	SBS96E	SBS96F
TCGA-05-4244-01A-01D-1105-08	113	36	10	32	25	4
TCGA-05-4250-01A-01D-1105-08	183	48	51	64	27	7
TCGA-05-4382-01A-01D-1931-08	1335	21	212	99	60	64
TCGA-05-4384-01A-01D-1753-08	65	17	12	19	14	9
TCGA-05-4389-01A-01D-1265-08	68	7	74	27	40	23
TCGA-05-4390-01A-02D-1753-08	379	109	11	34	23	15
TCGA-05-4395-01A-01D-1265-08	93	40	99	12	24	13
TCGA-05-4396-01A-21D-1855-08	92	103	18	0	26	11
TCGA-05-4397-01A-01D-1265-08	352	146	156	160	27	34
TCGA-05-4398-01A-01D-1265-08	353	163	83	34	45	62
TCGA-05-4402-01A-01D-1265-08	5	0	84	24	11	0
TCGA-05-4403-01A-01D-1265-08	16	70	7	0	42	2
TCGA-05-4405-01A-21D-1855-08	217	51	19	49	28	23
TCGA-05-4410-01A-21D-1855-08	661	170	141	95	38	24
TCGA-05-4415-01A-22D-1855-08	123	36	2	32	15	0
TCGA-05-4417-01A-22D-1855-08	155	131	2	0	18	10
TCGA-05-4418-01A-01D-1265-08	144	0	17	97	20	12
TCGA-05-4420-01A-01D-1265-08	170	53	19	34	14	10
TCGA-05-4422-01A-01D-1265-08	8	11	15	0	8	3
TCGA-05-4424-01A-22D-1855-08	476	0	86	107	27	16
TCGA-05-4425-01A-01D-1753-08	0	7	2	5	24	2
TCGA-05-4426-01A-01D-1265-08	6	9	7	1	18	4
TCGA-05-4427-01A-21D-1855-08	584	170	60	98	47	85
TCGA-05-4430-01A-02D-1265-08	176	0	16	55	17	9
TCGA-05-4432-01A-01D-1265-08	282	161	21	63	41	34
TCGA-05-4433-01A-22D-1855-08	3	0	1	0	34	0
TCGA-05-4434-01A-01D-1265-08	0	7	7	21	8	1
TCGA-05-5420-01A-01D-1625-08	36	7	6	20	19	0
TCGA-05-5423-01A-01D-1625-08	81	23	15	2	27	7
TCGA-05-5425-01A-02D-1625-08	297	183	28	58	21	0
TCGA-05-5428-01A-01D-1625-08	195	30	125	0	24	26
TCGA-05-5429-01A-01D-1625-08	2	0	5	0	22	5
TCGA-05-5715-01A-01D-1625-08	11	0	83	1	27	0
TCGA-17-Z000-01A-01W-0746-08	43	4	35	20	20	0
TCGA-17-Z001-01A-01W-0746-08	96	59	12	7	17	13
TCGA-17-Z002-01A-01W-0746-08	0	0	3	2	0	1
TCGA-17-Z003-01A-01W-0746-08	65	41	16	81	18	27
TCGA-17-Z004-01A-01W-0746-08	0	0	1	16	3	1
TCGA-17-Z007-01A-01W-0746-08	10	0	1	0	32	23
TCGA-17-Z009-01A-01W-0746-08	20	13	0	4	0	2
TCGA-17-Z011-01A-01W-0746-08	36	42	8	0	13	12
TCGA-17-Z013-01A-01W-0746-08	8	37	1	3	8	0
TCGA-17-Z015-01A-01W-0746-08	278	66	17	31	108	16
TCGA-17-Z017-01A-01W-0746-08	102	75	9	25	9	10
TCGA-17-Z018-01A-01W-0746-08	199	0	13	38	13	0
TCGA-17-Z019-01A-01W-0746-08	0	0	0	1	0	0
TCGA-17-Z020-01A-01W-0746-08	32	44	30	8	6	2
TCGA-17-Z021-01A-01W-0746-08	76	25	4	27	0	1
TCGA-17-Z022-01A-01W-0746-08	744	72	241	163	36	52
TCGA-17-Z023-01A-01W-0746-08	188	23	55	135	9	0
TCGA-17-Z025-01A-01W-0746-08	161	24	3	49	10	6
TCGA-17-Z026-01A-01W-0746-08	322	97	537	37	4	23
TCGA-17-Z027-01A-01W-0746-08	25	0	2	40	15	15
TCGA-17-Z028-01A-01W-0746-08	209	168	53	14	22	24
TCGA-17-Z030-01A-01W-0746-08	337	140	20	32	16	24
TCGA-17-Z031-01A-01W-0746-08	1546	57	20	278	71	440
TCGA-17-Z032-01A-01W-0746-08	36	0	27	18	21	8
TCGA-17-Z033-01A-01W-0746-08	83	8	38	17	4	19
TCGA-17-Z036-01A-01W-0746-08	25	13	9	6	8	16
TCGA-17-Z037-01A-01W-0746-08	8	0	6	0	96	31
TCGA-17-Z041-01A-01W-0746-08	15	0	10	12	12	0
TCGA-17-Z042-01A-01W-0746-08	288	125	21	37	22	6
TCGA-17-Z043-01A-01W-0746-08	68	45	25	60	7	8
TCGA-17-Z044-01A-01W-0746-08	42	28	10	37	4	5
TCGA-17-Z045-01A-01W-0746-08	437	35	32	172	6	34
TCGA-17-Z047-01A-01W-0747-08	0	6	3	7	7	0
TCGA-17-Z048-01A-01W-0746-08	0	0	3	15	8	3
TCGA-17-Z049-01A-01W-0746-08	313	33	43	103	10	7
TCGA-17-Z050-01A-01W-0747-08	62	0	26	46	27	12
TCGA-17-Z051-01A-01W-0747-08	50	40	12	23	12	0
TCGA-17-Z052-01A-01W-0747-08	65	5	2	42	2	2
TCGA-17-Z053-01A-01W-0747-08	106	19	32	72	26	0
TCGA-17-Z054-01A-01W-0747-08	0	3	0	0	1	0
TCGA-17-Z055-01A-01W-0747-08	369	45	25	169	20	7
TCGA-17-Z056-01A-01W-0747-08	211	64	94	86	11	13
TCGA-17-Z057-01A-01W-0747-08	70	48	211	61	24	0
TCGA-17-Z058-01A-01W-0747-08	30	19	3	10	11	5
TCGA-17-Z059-01A-01W-0747-08	84	21	36	0	12	6
TCGA-17-Z061-01A-01W-0747-08	40	50	16	63	2	11
TCGA-17-Z062-01A-01W-0747-08	266	76	22	67	8	4
TCGA-35-4122-01A-01D-1105-08	99	34	48	122	18	9
TCGA-35-4123-01A-01D-1105-08	173	71	10	33	17	0
TCGA-35-5375-01A-01D-1625-08	173	97	36	62	35	37
TCGA-38-4625-01A-01D-1553-08	423	0	123	14	23	28
TCGA-38-4626-01A-01D-1553-08	135	70	7	0	0	6
TCGA-38-4627-01A-01D-1553-08	4	0	4	1	15	4
TCGA-38-4628-01A-01D-1265-08	11	66	18	0	30	1
TCGA-38-4629-01A-02D-1265-08	105	78	30	20	32	20
TCGA-38-4630-01A-01D-1265-08	14	12	58	0	33	8
TCGA-38-4631-01A-01D-1753-08	536	76	27	111	9	15
TCGA-38-4632-01A-01D-1753-08	248	145	32	50	17	34
TCGA-38-6178-01A-11D-1753-08	12	10	6	8	13	5
TCGA-38-7271-01A-11D-2036-08	23	6	22	3	0	0
TCGA-44-2655-01A-01D-1553-08	134	30	12	0	7	5
TCGA-44-2655-01A-01W-0928-08	130	31	14	10	7	3
TCGA-44-2656-01A-02D-0969-08	556	288	18	0	36	17
TCGA-44-2656-01A-02D-A271-08	502	298	9	0	24	0
TCGA-44-2656-01A-02W-0928-08	485	284	13	0	10	17
TCGA-44-2656-01A-12D-A27T-08	517	302	12	0	31	11
TCGA-44-2656-01A-41D-A27T-08	547	296	14	0	33	4
TCGA-44-2656-01B-06D-A271-08	458	255	25	0	11	8
TCGA-44-2657-01A-01D-1105-08	295	2	43	52	27	0
TCGA-44-2661-01A-01D-1105-08	0	18	4	6	8	7
TCGA-44-2662-01A-01D-0969-08	36	0	159	22	3	6
TCGA-44-2662-01A-01D-A271-08	38	0	139	38	0	2
TCGA-44-2662-01A-01W-0928-08	36	0	138	28	0	5
TCGA-44-2662-01B-02D-A271-08	28	0	130	17	3	12
TCGA-44-2665-01A-01D-1040-01	0	0	12	6	20	9
TCGA-44-2665-01A-01D-A271-08	2	0	13	7	19	7
TCGA-44-2665-01A-01W-0928-08	0	0	13	19	13	7
TCGA-44-2665-01B-06D-A271-08	1	0	14	12	15	10
TCGA-44-2666-01A-01D-1489-08	3	0	3	8	11	5
TCGA-44-2666-01A-01D-A271-08	2	2	3	7	10	3
TCGA-44-2666-01A-01W-0928-08	0	6	3	5	14	4
TCGA-44-2666-01A-21D-A27T-08	6	0	3	4	16	5
TCGA-44-2666-01A-41D-A27T-08	2	0	4	10	12	6
TCGA-44-2666-01B-02D-A271-08	3	0	2	1	12	7
TCGA-44-2668-01A-01D-0969-08	214	46	80	35	15	12
TCGA-44-2668-01A-01D-A271-08	199	57	73	11	10	13
TCGA-44-2668-01A-01W-0928-08	224	49	81	26	10	7
TCGA-44-2668-01B-02D-A271-08	144	0	44	39	3	6
TCGA-44-3396-01A-01D-1553-08	26	51	83	0	33	0
TCGA-44-3398-01A-01D-1105-08	91	0	54	25	20	1
TCGA-44-3917-01A-01D-A271-08	78	104	23	12	15	0
TCGA-44-3917-01B-02D-A271-08	75	108	26	13	17	0
TCGA-44-3918-01B-02D-A271-08	685	57	85	86	14	0
TCGA-44-3919-01A-02D-1105-08	0	16	3	8	4	2
TCGA-44-3919-01A-02D-1458-08	0	16	7	10	5	0
TCGA-44-4112-01A-01D-1105-08	293	24	33	56	24	0
TCGA-44-4112-01A-01D-1458-08	300	45	31	51	23	0
TCGA-44-4112-01A-22D-A27T-08	310	39	34	46	36	0
TCGA-44-4112-01A-31D-A27T-08	302	31	95	32	41	0
TCGA-44-4112-01B-06D-A271-08	246	0	30	57	16	0
TCGA-44-5643-01A-01D-1625-08	21	51	29	0	35	2
TCGA-44-5644-01A-21D-2036-08	603	141	59	106	66	21
TCGA-44-5645-01A-01D-1625-08	0	0	0	18	12	6
TCGA-44-5645-01A-01D-A271-08	1	0	0	19	11	5
TCGA-44-5645-01A-21D-A27T-08	1	0	0	21	13	5
TCGA-44-5645-01A-51D-A27T-08	2	0	0	17	14	5
TCGA-44-5645-01B-04D-A271-08	2	1	0	16	15	3
TCGA-44-6144-01A-11D-1753-08	118	12	24	40	20	22
TCGA-44-6145-01A-11D-1753-08	237	25	7	25	14	17
TCGA-44-6147-01A-11D-1753-08	90	49	18	0	13	17
TCGA-44-6147-01A-11D-A271-08	109	35	27	0	16	12
TCGA-44-6147-01A-21D-A27T-08	96	52	21	0	42	15
TCGA-44-6147-01A-31D-A27T-08	57	49	5	0	0	12
TCGA-44-6147-01B-06D-A271-08	66	52	9	0	12	12
TCGA-44-6774-01A-21D-1855-08	222	34	7	33	10	1
TCGA-44-6775-01A-11D-1855-08	18	0	4	25	10	3
TCGA-44-6775-01A-11D-A271-08	11	3	7	21	12	5
TCGA-44-6775-01A-21D-A27T-08	9	15	4	17	9	4
TCGA-44-6775-01A-31D-A27T-08	18	3	7	27	10	1
TCGA-44-6775-01C-02D-A271-08	9	4	3	29	9	1
TCGA-44-6776-01A-11D-1855-08	116	33	9	21	15	6
TCGA-44-6777-01A-11D-1855-08	171	54	78	33	32	4
TCGA-44-6778-01A-11D-1855-08	200	124	14	28	20	19
TCGA-44-6779-01A-11D-1855-08	26	24	6	0	36	9
TCGA-44-7659-01A-11D-2063-08	76	0	11	50	6	9
TCGA-44-7660-01A-11D-2063-08	139	26	35	143	18	0
TCGA-44-7661-01A-11D-2063-08	127	37	42	37	15	3
TCGA-44-7662-01A-11D-2063-08	295	116	66	64	14	29
TCGA-44-7667-01A-31D-2063-08	211	180	16	0	39	38
TCGA-44-7670-01A-11D-2063-08	729	103	155	50	41	58
TCGA-44-7671-01A-11D-2063-08	93	81	11	33	22	0
TCGA-44-7672-01A-11D-2063-08	85	41	6	19	9	2
TCGA-44-8117-01A-11D-2238-08	583	19	44	108	50	8
TCGA-44-8119-01A-11D-2238-08	335	166	23	42	66	34
TCGA-44-8120-01A-11D-2238-08	405	128	36	35	38	3
TCGA-44-A479-01A-31D-A24D-08	224	0	26	14	16	15
TCGA-44-A47A-01A-21D-A24D-08	45	27	66	53	25	0
TCGA-44-A47G-01A-21D-A24D-08	2	37	15	2	9	4
TCGA-44-A4SS-01A-11D-A24P-08	246	34	53	114	25	19
TCGA-44-A4SU-01A-11D-A24P-08	62	18	7	35	25	3
TCGA-49-4487-01A-21D-1855-08	170	74	60	45	3	0
TCGA-49-4488-01A-01D-1753-08	203	14	29	23	7	23
TCGA-49-4490-01A-21D-1855-08	0	0	9	20	10	1
TCGA-49-4494-01A-01D-1265-08	118	35	12	15	20	0
TCGA-49-4501-01A-01D-1265-08	0	12	8	0	19	7
TCGA-49-4505-01A-01D-1931-08	114	25	18	19	36	10
TCGA-49-4506-01A-01D-1265-08	58	0	6	33	13	6
TCGA-49-4510-01A-01D-1265-08	19	0	6	19	3	0
TCGA-49-4512-01A-21D-1855-08	7	2	4	0	15	8
TCGA-49-4514-01A-21D-1855-08	118	72	110	5	29	6
TCGA-49-6743-01A-11D-1855-08	278	51	213	146	31	56
TCGA-49-6744-01A-11D-1855-08	128	53	8	17	5	2
TCGA-49-6745-01A-11D-1855-08	0	20	68	0	29	12
TCGA-49-6761-01A-31D-1945-08	33	46	71	0	14	23
TCGA-49-AAQV-01A-11D-A397-08	4	5	29	16	7	0
TCGA-49-AAR0-01A-21D-A397-08	52	19	18	5	24	18
TCGA-49-AAR3-01A-11D-A410-08	53	3	16	43	4	4
TCGA-49-AAR4-01A-12D-A410-08	307	71	105	61	9	20
TCGA-49-AAR9-01A-21D-A410-08	432	173	14	17	40	9
TCGA-49-AARE-01A-11D-A410-08	843	134	90	121	46	46
TCGA-49-AARN-01A-21D-A410-08	215	0	61	0	0	516
TCGA-49-AARO-01A-12D-A410-08	503	23	36	55	0	9
TCGA-49-AARQ-01A-11D-A410-08	479	109	93	48	27	1
TCGA-49-AARR-01A-11D-A410-08	1	0	0	0	0	0
TCGA-4B-A93V-01A-11D-A397-08	64	30	9	19	9	12
TCGA-50-5044-01A-21D-1855-08	0	0	103	23	4	0
TCGA-50-5045-01A-01D-1625-08	232	0	19	30	5	0
TCGA-50-5051-01A-21D-1855-08	66	6	7	18	19	0
TCGA-50-5055-01A-01D-1625-08	0	0	0	6	4	0
TCGA-50-5066-01A-01D-1625-08	146	30	23	44	2	27
TCGA-50-5066-02A-11D-2107-08	153	103	20	50	15	45
TCGA-50-5068-01A-01D-1625-08	34	0	8	23	26	0
TCGA-50-5072-01A-21D-1855-08	67	26	18	28	14	13
TCGA-50-5930-01A-11D-1753-08	828	216	13	54	31	25
TCGA-50-5931-01A-11D-1753-08	164	28	23	92	15	0
TCGA-50-5932-01A-11D-1753-08	47	25	1	0	5	0
TCGA-50-5935-01A-11D-1753-08	0	0	54	28	11	1
TCGA-50-5939-01A-11D-1625-08	5	6	17	20	14	11
TCGA-50-5941-01A-11D-1753-08	205	52	29	81	13	0
TCGA-50-5942-01A-21D-1753-08	25	3	2	13	4	9
TCGA-50-5946-01A-11D-1753-08	376	0	153	117	49	0
TCGA-50-5946-02A-11D-2107-08	387	0	173	129	51	0
TCGA-50-6590-01A-12D-1855-08	490	85	183	137	7	1
TCGA-50-6591-01A-11D-1753-08	0	28	4	0	9	9
TCGA-50-6592-01A-11D-1753-08	55	147	53	9	20	16
TCGA-50-6593-01A-11D-1753-08	170	47	14	59	15	18
TCGA-50-6594-01A-11D-1753-08	324	115	52	31	11	14
TCGA-50-6595-01A-12D-1855-08	0	40	22	0	6	12
TCGA-50-6597-01A-11D-1855-08	0	12	18	0	13	11
TCGA-50-6673-01A-11D-1945-08	2	2	7	18	20	2
TCGA-50-7109-01A-11D-2036-08	139	17	7	57	27	4
TCGA-50-8457-01A-11D-2323-08	15	11	5	13	9	2
TCGA-50-8460-01A-11D-2323-08	5	1	4	0	11	8
TCGA-53-7624-01A-11D-2063-08	376	154	162	94	43	14
TCGA-53-7626-01A-12D-2063-08	242	0	43	77	3	0
TCGA-53-7813-01A-11D-2167-08	67	68	0	0	19	2
TCGA-55-1592-01A-01D-0969-08	155	122	59	168	19	25
TCGA-55-1592-01A-01W-0928-08	145	118	58	167	23	11
TCGA-55-1594-01A-01D-1040-01	31	35	63	0	20	10
TCGA-55-1594-01A-01W-0928-08	24	43	64	0	13	9
TCGA-55-1595-01A-01D-0969-08	183	73	14	46	16	2
TCGA-55-1596-01A-01D-1040-01	49	62	9	64	13	1
TCGA-55-1596-01A-01W-0928-08	51	57	7	69	8	0
TCGA-55-5899-01A-11D-1625-08	232	79	114	13	21	15
TCGA-55-6543-01A-11D-1753-08	0	3	2	0	16	1
TCGA-55-6642-01A-11D-1855-08	76	11	7	18	9	7
TCGA-55-6712-01A-11D-1855-08	18	19	75	13	12	0
TCGA-55-6968-01A-11D-1945-08	73	82	371	0	1	0
TCGA-55-6969-01A-11D-1945-08	187	107	10	66	6	35
TCGA-55-6971-01A-11D-1945-08	28	20	5	23	1	7
TCGA-55-6972-01A-11D-1945-08	67	26	121	0	15	47
TCGA-55-6975-01A-11D-1945-08	15	23	9	5	15	4
TCGA-55-6978-01A-11D-1945-08	0	0	0	12	8	7
TCGA-55-6979-01A-11D-1945-08	52	0	31	31	0	0
TCGA-55-6980-01A-11D-1945-08	0	3	0	5	3	0
TCGA-55-6981-01A-11D-1945-08	0	15	7	5	22	0
TCGA-55-6982-01A-11D-1945-08	10	0	177	20	14	0
TCGA-55-6984-01A-11D-1945-08	0	13	0	4	3	0
TCGA-55-6985-01A-11D-1945-08	287	84	5	58	24	0
TCGA-55-6986-01A-11D-1945-08	0	0	1	10	7	0
TCGA-55-6987-01A-11D-1945-08	57	31	62	25	8	0
TCGA-55-7281-01A-11D-2036-08	215	140	43	41	14	9
TCGA-55-7283-01A-11D-2036-08	71	41	46	6	49	15
TCGA-55-7284-01B-11D-2238-08	0	8	1	1	24	9
TCGA-55-7570-01A-11D-2036-08	130	46	88	122	7	0
TCGA-55-7573-01A-11D-2036-08	13	17	6	12	1	2
TCGA-55-7574-01A-11D-2036-08	47	40	115	27	4	0
TCGA-55-7576-01A-11D-2063-08	173	128	21	28	31	15
TCGA-55-7724-01A-11D-2167-08	29	38	29	72	31	12
TCGA-55-7725-01A-11D-2167-08	81	0	5	37	12	6
TCGA-55-7726-01A-11D-2167-08	9	0	75	7	24	0
TCGA-55-7727-01A-11D-2167-08	90	30	95	0	22	28
TCGA-55-7903-01A-11D-2167-08	54	38	20	3	34	7
TCGA-55-7907-01A-11D-2167-08	753	106	220	120	32	0
TCGA-55-7910-01A-11D-2167-08	180	103	6	0	34	0
TCGA-55-7911-01A-11D-2167-08	93	96	22	17	15	0
TCGA-55-7913-01B-11D-2238-08	165	110	37	0	28	14
TCGA-55-7914-01A-11D-2167-08	82	3	26	34	36	1
TCGA-55-7994-01A-11D-2184-08	986	301	94	168	80	7
TCGA-55-7995-01A-11D-2184-08	326	142	99	76	14	45
TCGA-55-8085-01A-11D-2238-08	88	17	124	13	32	12
TCGA-55-8087-01A-11D-2238-08	0	3	7	2	15	0
TCGA-55-8089-01A-11D-2238-08	590	241	396	21	32	25
TCGA-55-8090-01A-11D-2238-08	25	42	1	14	8	2
TCGA-55-8091-01A-11D-2238-08	0	0	1	0	20	0
TCGA-55-8092-01A-11D-2238-08	250	97	133	0	69	53
TCGA-55-8094-01A-11D-2238-08	290	60	15	40	26	46
TCGA-55-8096-01A-11D-2238-08	64	44	8	7	21	6
TCGA-55-8097-01A-11D-2238-08	31	33	9	0	38	2
TCGA-55-8203-01A-11D-2238-08	299	75	4	33	41	0
TCGA-55-8204-01A-11D-2238-08	34	61	81	35	21	0
TCGA-55-8206-01A-11D-2238-08	6	0	3	0	12	5
TCGA-55-8208-01A-11D-2238-08	47	51	158	72	9	1
TCGA-55-8299-01A-11D-2284-08	97	25	11	46	1	10
TCGA-55-8301-01A-11D-2284-08	140	37	30	65	13	9
TCGA-55-8506-01A-11D-2393-08	925	125	23	66	595	26
TCGA-55-8507-01A-11D-2393-08	647	240	32	27	55	33
TCGA-55-8510-01A-11D-2393-08	174	75	28	37	10	0
TCGA-55-8511-01A-11D-2393-08	317	60	74	49	37	47
TCGA-55-8512-01A-11D-2393-08	7	24	4	2	2	1
TCGA-55-8514-01A-11D-2393-08	148	94	10	3	41	0
TCGA-55-8614-01A-11D-2393-08	45	49	31	65	57	0
TCGA-55-8615-01A-11D-2393-08	33	47	2	22	10	13
TCGA-55-8616-01A-11D-2393-08	360	79	16	21	47	0
TCGA-55-8620-01A-11D-2393-08	281	95	23	57	53	13
TCGA-55-8621-01A-11D-2393-08	28	7	4	7	7	0
TCGA-55-A48X-01A-11D-A24D-08	251	53	30	32	13	9
TCGA-55-A48Y-01A-11D-A24D-08	0	0	339	2	27	0
TCGA-55-A48Z-01A-12D-A24P-08	12	11	4	6	17	7
TCGA-55-A490-01A-11D-A24D-08	955	127	119	112	42	16
TCGA-55-A491-01A-11D-A24D-08	236	8	32	75	29	15
TCGA-55-A492-01A-11D-A24D-08	156	22	18	64	19	11
TCGA-55-A493-01A-11D-A24D-08	102	46	69	5	25	21
TCGA-55-A494-01A-11D-A24P-08	122	50	14	0	55	7
TCGA-55-A4DF-01A-11D-A24D-08	108	82	576	24	45	4
TCGA-55-A4DG-01A-11D-A24D-08	471	100	19	98	35	0
TCGA-55-A57B-01A-12D-A397-08	3	5	6	0	19	4
TCGA-62-8394-01A-11D-2323-08	21	5	43	37	21	10
TCGA-62-8395-01A-11D-2323-08	4	4	18	14	33	0
TCGA-62-8397-01A-11D-2323-08	7	1	2	0	10	5
TCGA-62-8398-01A-11D-2323-08	36	0	11	13	14	10
TCGA-62-8399-01A-21D-2323-08	221	11	213	52	52	0
TCGA-62-8402-01A-11D-2323-08	2	12	7	10	20	6
TCGA-62-A46O-01A-11D-A24D-08	475	132	167	97	44	20
TCGA-62-A46P-01A-11D-A24D-08	175	74	4	0	31	0
TCGA-62-A46R-01A-11D-A24D-08	60	36	27	6	28	15
TCGA-62-A46S-01A-11D-A24D-08	55	11	13	5	23	19
TCGA-62-A46U-01A-11D-A24D-08	4	17	9	0	14	0
TCGA-62-A46V-01A-11D-A24D-08	1	19	6	0	21	10
TCGA-62-A46Y-01A-11D-A24D-08	6	0	1	0	14	11
TCGA-62-A471-01A-12D-A24D-08	3	11	62	16	19	12
TCGA-62-A472-01A-11D-A24D-08	6	22	4	8	10	7
TCGA-64-1676-01A-01D-0969-08	392	133	19	51	25	8
TCGA-64-1676-01A-01W-0928-08	382	121	20	51	23	8
TCGA-64-1677-01A-01W-0928-08	52	0	82	58	22	0
TCGA-64-1678-01A-01W-0928-08	322	5	39	31	15	25
TCGA-64-1679-01A-21D-2063-08	333	95	38	47	14	0
TCGA-64-1680-01A-02D-0969-08	1	12	18	0	21	0
TCGA-64-1680-01A-02W-0928-08	4	8	13	0	15	6
TCGA-64-1681-01A-11D-2063-08	2	11	14	5	6	27
TCGA-64-5774-01A-01D-1625-08	82	40	5	0	17	0
TCGA-64-5775-01A-01D-1625-08	337	64	25	34	39	7
TCGA-64-5778-01A-01D-1625-08	279	106	33	27	24	17
TCGA-64-5781-01A-01D-1625-08	565	359	141	0	37	50
TCGA-64-5815-01A-01D-1625-08	95	40	4	13	29	0
TCGA-67-3770-01A-01D-0969-08	130	4	7	61	22	9
TCGA-67-3770-01A-01W-0928-08	129	0	8	62	22	5
TCGA-67-3771-01A-01D-1040-01	363	194	342	192	44	5
TCGA-67-3771-01A-01W-0928-08	340	221	339	212	42	27
TCGA-67-3773-01A-01D-1040-01	54	5	4	14	18	7
TCGA-67-3774-01A-01D-1040-01	31	54	7	13	10	3
TCGA-67-3774-01A-01W-0928-08	24	51	3	19	6	0
TCGA-67-4679-01B-01D-1753-08	152	90	9	0	23	18
TCGA-67-6215-01A-11D-1753-08	0	0	0	0	0	109
TCGA-67-6216-01A-11D-1753-08	0	8	8	5	3	2
TCGA-67-6217-01A-11D-1753-08	115	32	6	7	15	17
TCGA-69-7760-01A-11D-2167-08	15	0	4	7	23	22
TCGA-69-7764-01A-11D-2167-08	23	0	9	36	22	1
TCGA-69-7765-01A-11D-2167-08	359	202	58	2	1	18
TCGA-69-7973-01A-11D-2184-08	200	6	13	10	32	4
TCGA-69-7974-01A-11D-2184-08	311	43	34	98	42	0
TCGA-69-7978-01A-11D-2184-08	295	27	178	83	33	0
TCGA-69-8253-01A-11D-2284-08	66	48	22	0	17	14
TCGA-69-8254-01A-11D-2284-08	14	12	3	20	19	7
TCGA-69-8255-01A-11D-2284-08	69	126	37	13	25	30
TCGA-69-A59K-01A-11D-A25L-08	376	0	55	11	53	13
TCGA-71-6725-01A-11D-1855-08	1	13	6	0	34	3
TCGA-71-8520-01A-11D-2393-08	20	0	17	10	37	8
TCGA-73-4658-01A-01D-1753-08	100	63	126	0	9	34
TCGA-73-4659-01A-01D-1265-08	94	96	7	0	17	8
TCGA-73-4662-01A-01D-1265-08	105	56	18	20	12	2
TCGA-73-4670-01A-01D-1265-08	176	55	14	44	24	53
TCGA-73-4675-01A-01D-1265-08	8	11	3	27	15	5
TCGA-73-4676-01A-01D-1753-08	27	0	3	38	17	13
TCGA-73-4677-01A-01D-1265-08	152	24	18	36	24	11
TCGA-73-7498-01A-12D-2184-08	37	52	1	0	19	8
TCGA-75-5122-01A-01D-1753-08	31	39	23	20	21	0
TCGA-75-5125-01A-01D-1753-08	50	17	42	28	21	6
TCGA-75-5126-01A-01D-1753-08	341	0	169	81	26	5
TCGA-75-5146-01A-01D-1625-08	130	0	13	40	4	6
TCGA-75-5147-01A-01D-1625-08	0	1	11	10	10	4
TCGA-75-6203-01A-11D-1753-08	1	0	0	0	12	0
TCGA-75-6205-01A-11D-1753-08	0	15	3	15	3	7
TCGA-75-6206-01A-11D-1753-08	21	50	9	11	1	0
TCGA-75-6207-01A-11D-1753-08	9	0	14	24	11	0
TCGA-75-6211-01A-11D-1753-08	224	69	20	53	21	5
TCGA-75-6214-01A-41D-1945-08	299	156	175	72	33	0
TCGA-75-7025-01A-12D-1945-08	0	0	8	0	18	4
TCGA-75-7027-01A-11D-1945-08	132	24	11	54	22	7
TCGA-75-7030-01A-11D-1945-08	3	0	0	1	3	1
TCGA-78-7145-01A-11D-2036-08	105	49	13	6	20	4
TCGA-78-7146-01A-11D-2036-08	167	51	96	13	42	13
TCGA-78-7147-01A-11D-2036-08	100	139	52	22	25	25
TCGA-78-7148-01A-11D-2036-08	88	64	9	37	7	15
TCGA-78-7149-01A-11D-2036-08	34	0	75	17	16	6
TCGA-78-7150-01A-21D-2036-08	88	117	148	21	35	26
TCGA-78-7152-01A-11D-2036-08	65	3	85	41	9	3
TCGA-78-7153-01A-11D-2036-08	18	2	26	31	19	8
TCGA-78-7154-01A-11D-2036-08	43	0	111	50	48	14
TCGA-78-7155-01A-11D-2036-08	995	111	129	227	54	64
TCGA-78-7160-01A-11D-2036-08	2	0	5	30	4	0
TCGA-78-7161-01A-11D-2036-08	105	14	14	31	23	11
TCGA-78-7162-01A-21D-2063-08	23	19	16	21	5	3
TCGA-78-7163-01A-12D-2063-08	1	4	0	0	9	5
TCGA-78-7166-01A-12D-2063-08	172	20	4	10	10	24
TCGA-78-7167-01A-11D-2063-08	27	13	30	0	21	9
TCGA-78-7220-01A-11D-2036-08	373	320	114	0	22	60
TCGA-78-7535-01A-11D-2063-08	67	51	0	19	7	40
TCGA-78-7536-01A-11D-2063-08	403	34	17	115	32	52
TCGA-78-7539-01A-11D-2063-08	111	0	285	80	39	0
TCGA-78-7540-01A-11D-2063-08	0	14	0	0	16	0
TCGA-78-7542-01A-21D-2063-08	255	30	32	0	33	35
TCGA-78-7633-01A-11D-2063-08	38	57	6	3	5	0
TCGA-78-8640-01A-11D-2393-08	327	102	125	99	56	48
TCGA-78-8648-01A-11D-2393-08	2	2	0	2	0	1
TCGA-78-8655-01A-11D-2393-08	34	28	6	17	15	5
TCGA-78-8662-01A-11D-2393-08	712	87	99	224	47	57
TCGA-80-5607-01A-31D-1945-08	0	0	117	6	6	2
TCGA-80-5608-01A-31D-1945-08	99	27	13	17	24	0
TCGA-80-5611-01A-01D-1625-08	56	15	7	81	16	23
TCGA-83-5908-01A-21D-2284-08	93	16	88	32	16	0
TCGA-86-6562-01A-11D-1753-08	8	0	13	9	17	6
TCGA-86-6851-01A-11D-1945-08	518	82	107	211	0	0
TCGA-86-7701-01A-11D-2167-08	126	0	5	46	19	8
TCGA-86-7711-01A-11D-2063-08	70	39	48	38	21	15
TCGA-86-7713-01A-11D-2063-08	56	80	6	0	11	7
TCGA-86-7954-01A-11D-2184-08	63	56	35	24	36	6
TCGA-86-7955-01A-11D-2184-08	131	82	35	21	28	31
TCGA-86-8055-01A-11D-2238-08	0	12	6	0	17	9
TCGA-86-8056-01A-11D-2238-08	38	51	158	0	25	15
TCGA-86-8073-01A-11D-2238-08	1082	132	115	149	41	34
TCGA-86-8074-01A-11D-2238-08	4	25	4	1	12	25
TCGA-86-8075-01A-11D-2238-08	2	0	3	10	24	3
TCGA-86-8076-01A-31D-2238-08	3	28	22	3	11	0
TCGA-86-8279-01A-11D-2284-08	378	0	22	102	25	16
TCGA-86-8280-01A-11D-2284-08	0	20	2	13	13	0
TCGA-86-8281-01A-11D-2284-08	144	26	29	38	30	0
TCGA-86-8359-01A-11D-2323-08	94	33	10	0	24	9
TCGA-86-8585-01A-11D-2393-08	297	59	107	113	18	0
TCGA-86-8668-01A-11D-2393-08	2	0	5	6	16	2
TCGA-86-8671-01A-11D-2393-08	4	2	4	10	7	6
TCGA-86-8672-01A-21D-2393-08	136	97	38	0	24	20
TCGA-86-8673-01A-11D-2393-08	220	123	37	80	19	10
TCGA-86-8674-01A-21D-2393-08	190	50	37	0	7	20
TCGA-86-A456-01A-11D-A24D-08	228	9	34	61	21	11
TCGA-86-A4JF-01A-11D-A24P-08	272	0	110	406	482	52
TCGA-86-A4P7-01A-11D-A24P-08	0	16	25	13	6	0
TCGA-91-6828-01A-11D-1855-08	165	54	27	0	22	8
TCGA-91-6829-01A-21D-1855-08	287	156	51	133	12	25
TCGA-91-6830-01A-11D-1945-08	11	0	180	28	3	0
TCGA-91-6831-01A-11D-1855-08	114	59	14	80	10	0
TCGA-91-6835-01A-11D-1855-08	19	3	15	28	9	4
TCGA-91-6836-01A-21D-1855-08	242	158	24	12	27	7
TCGA-91-6840-01A-11D-1945-08	8	10	72	16	18	0
TCGA-91-6847-01A-11D-1945-08	9	5	15	13	31	1
TCGA-91-6848-01A-11D-1945-08	276	58	98	158	13	0
TCGA-91-6849-01A-11D-1945-08	45	36	8	8	10	10
TCGA-91-7771-01A-11D-2167-08	48	61	24	41	11	9
TCGA-91-A4BC-01A-11D-A24D-08	255	134	20	3	21	22
TCGA-91-A4BD-01A-11D-A24D-08	0	0	5	6	11	1
TCGA-93-7347-01A-11D-2184-08	61	22	12	21	6	0
TCGA-93-7348-01A-21D-2036-08	30	17	17	13	24	11
TCGA-93-8067-01A-11D-2284-08	53	0	449	0	32	18
TCGA-93-8067-01C-01D-A38P-08	33	0	227	0	8	18
TCGA-93-8067-01D-01D-A38P-08	31	0	139	0	5	14
TCGA-93-A4JO-01A-21D-A24P-08	2	13	11	17	1	6
TCGA-93-A4JP-01A-11D-A24P-08	5	16	19	0	7	8
TCGA-93-A4JP-01D-01D-A38P-08	26	5	38	0	38	9
TCGA-93-A4JP-01E-01D-A38P-08	22	17	35	0	25	5
TCGA-95-7039-01A-11D-1945-08	756	213	67	156	46	54
TCGA-95-7043-01A-11D-1945-08	760	172	70	59	74	2
TCGA-95-7562-01A-11D-2238-08	304	26	12	33	26	0
TCGA-95-7567-01A-11D-2063-08	275	0	0	324	270	70
TCGA-95-7944-01A-11D-2184-08	0	37	211	2	13	0
TCGA-95-7947-01A-11D-2184-08	110	133	220	55	29	30
TCGA-95-7948-01A-11D-2184-08	0	0	129	0	15	0
TCGA-95-8494-01A-11D-2323-08	5	0	64	0	35	8
TCGA-95-A4VK-01A-11D-A25L-08	159	51	11	11	33	9
TCGA-95-A4VN-01A-11D-A25L-08	278	123	37	16	14	14
TCGA-97-7547-01A-11D-2036-08	74	14	48	20	19	0
TCGA-97-7552-01A-11D-2036-08	0	9	0	0	14	8
TCGA-97-7553-01A-21D-2036-08	15	3	4	0	23	0
TCGA-97-7554-01A-11D-2036-08	237	112	19	49	20	14
TCGA-97-7938-01A-11D-2167-08	271	0	53	70	24	0
TCGA-97-8171-01A-11D-2284-08	7	8	2	10	28	0
TCGA-97-8174-01A-11D-2284-08	80	24	22	10	32	1
TCGA-97-8175-01A-11D-2284-08	4	10	4	2	5	5
TCGA-97-8177-01A-11D-2284-08	0	17	3	0	8	6
TCGA-97-8552-01A-11D-2393-08	0	14	1	0	8	0
TCGA-97-A4LX-01A-11D-A24P-08	115	0	7	56	4	5
TCGA-97-A4M0-01A-11D-A24P-08	197	69	74	58	3	5
TCGA-97-A4M1-01A-11D-A24P-08	8	0	12	1	20	2
TCGA-97-A4M3-01A-11D-A24P-08	135	0	34	22	16	11
TCGA-97-A4M6-01A-11D-A24P-08	2	0	4	15	9	3
TCGA-97-A4M7-01A-11D-A24P-08	237	17	14	32	14	2
TCGA-99-7458-01A-11D-2036-08	295	58	19	97	29	0
TCGA-99-8025-01A-11D-2238-08	172	85	153	46	54	6
TCGA-99-8028-01A-11D-2238-08	300	0	5	73	6	17
TCGA-99-8033-01A-11D-2238-08	77	32	12	39	18	0
TCGA-99-AA5R-01A-11D-A397-08	19	19	2	2	0	0
TCGA-J2-8192-01A-11D-2238-08	0	37	11	0	26	0
TCGA-J2-8194-01A-11D-2238-08	49	58	7	9	27	8
TCGA-J2-A4AD-01A-11D-A24D-08	87	0	146	93	19	0
TCGA-J2-A4AE-01A-21D-A24D-08	0	3	16	15	22	0
TCGA-J2-A4AG-01A-11D-A24D-08	37	0	7	23	11	3
TCGA-L4-A4E5-01A-11D-A24P-08	234	49	15	27	19	19
TCGA-L4-A4E6-01A-11D-A24D-08	5	0	2	1	0	0
TCGA-L9-A443-01A-12D-A24D-08	146	28	16	48	10	7
TCGA-L9-A50W-01A-12D-A397-08	1	11	8	0	3	10
TCGA-L9-A5IP-01A-21D-A397-08	180	68	20	12	13	9
TCGA-L9-A743-01A-43D-A397-08	41	15	50	9	3	3
TCGA-L9-A7SV-01A-11D-A397-08	1441	69	62	120	45	0
TCGA-L9-A8F4-01A-11D-A397-08	498	24	63	172	31	32
TCGA-MN-A4N1-01A-11D-A24P-08	265	98	32	30	42	5
TCGA-MN-A4N4-01A-12D-A24P-08	816	147	367	114	43	41
TCGA-MN-A4N5-01A-11D-A24P-08	298	19	49	67	21	22
TCGA-MP-A4SV-01A-11D-A24P-08	117	46	124	52	14	0
TCGA-MP-A4SW-01A-21D-A24P-08	7	11	13	0	35	1
TCGA-MP-A4T2-01A-11D-A24P-08	14	5	26	33	10	0
TCGA-MP-A4T4-01A-11D-A25L-08	241	55	30	36	22	17
TCGA-MP-A4T6-01A-32D-A25L-08	0	13	24	16	23	2
TCGA-MP-A4T7-01A-11D-A24P-08	83	34	4	0	17	3
TCGA-MP-A4T8-01A-11D-A24P-08	55	8	9	21	13	8
TCGA-MP-A4T9-01A-11D-A24P-08	3	14	5	6	5	2
TCGA-MP-A4TA-01A-21D-A24P-08	189	0	26	115	29	11
TCGA-MP-A4TC-01A-11D-A24P-08	148	49	29	35	10	0
TCGA-MP-A4TD-01A-32D-A25L-08	26	29	4	13	12	0
TCGA-MP-A4TE-01A-22D-A25L-08	61	13	3	11	52	4
TCGA-MP-A4TF-01A-11D-A25L-08	264	70	25	33	24	19
TCGA-MP-A4TH-01A-31D-A25L-08	38	14	4	33	17	7
TCGA-MP-A4TK-01A-11D-A24P-08	203	67	54	20	13	10
TCGA-NJ-A4YF-01A-12D-A25L-08	422	108	31	62	15	7
TCGA-NJ-A4YP-01A-11D-A25L-08	96	31	390	0	4	67
TCGA-NJ-A4YQ-01A-11D-A25L-08	721	189	27	166	24	17
TCGA-NJ-A55R-01A-11D-A25L-08	162	32	14	59	10	6
TCGA-NJ-A7XG-01A-12D-A397-08	8	5	0	0	19	1
TCGA-O1-A52J-01A-11D-A25L-08	115	0	9	44	20	0
TCGA-S2-AA1A-01A-12D-A397-08	75	26	3	14	10	0
