Samples	SBS96A	SBS96B	SBS96C	SBS96D	SBS96E	SBS96F	SBS96G
TCGA-05-4244-01A-01D-1105-08	97	48	23	4	28	20	0
TCGA-05-4250-01A-01D-1105-08	172	46	23	45	65	22	7
TCGA-05-4382-01A-01D-1931-08	1238	101	97	189	69	48	49
TCGA-05-4384-01A-01D-1753-08	60	23	0	11	26	11	5
TCGA-05-4389-01A-01D-1265-08	62	0	19	71	35	33	19
TCGA-05-4390-01A-02D-1753-08	356	80	61	1	42	19	12
TCGA-05-4395-01A-01D-1265-08	76	46	39	87	0	21	12
TCGA-05-4396-01A-21D-1855-08	84	86	32	10	8	24	6
TCGA-05-4397-01A-01D-1265-08	308	102	183	128	91	22	41
TCGA-05-4398-01A-01D-1265-08	332	134	71	68	37	40	58
TCGA-05-4402-01A-01D-1265-08	0	0	43	70	2	9	0
TCGA-05-4403-01A-01D-1265-08	7	62	29	0	0	37	2
TCGA-05-4405-01A-21D-1855-08	199	33	48	13	51	23	20
TCGA-05-4410-01A-21D-1855-08	602	137	176	113	47	32	22
TCGA-05-4415-01A-22D-1855-08	118	18	28	0	30	12	2
TCGA-05-4417-01A-22D-1855-08	165	5	79	0	40	15	12
TCGA-05-4418-01A-01D-1265-08	119	62	0	13	78	14	4
TCGA-05-4420-01A-01D-1265-08	170	0	36	18	57	10	9
TCGA-05-4422-01A-01D-1265-08	8	13	0	14	0	8	2
TCGA-05-4424-01A-22D-1855-08	429	35	87	70	47	23	21
TCGA-05-4425-01A-01D-1753-08	0	14	0	0	1	22	3
TCGA-05-4426-01A-01D-1265-08	6	0	12	6	1	15	5
TCGA-05-4427-01A-21D-1855-08	513	138	194	33	44	40	82
TCGA-05-4430-01A-02D-1265-08	158	27	12	12	43	13	8
TCGA-05-4432-01A-01D-1265-08	254	102	125	5	40	37	39
TCGA-05-4433-01A-22D-1855-08	3	0	2	1	0	32	0
TCGA-05-4434-01A-01D-1265-08	0	0	17	5	15	6	1
TCGA-05-5420-01A-01D-1625-08	26	31	0	4	11	16	0
TCGA-05-5423-01A-01D-1625-08	63	55	0	11	0	23	3
TCGA-05-5425-01A-02D-1625-08	254	162	112	5	36	17	1
TCGA-05-5428-01A-01D-1625-08	181	59	0	119	2	21	18
TCGA-05-5429-01A-01D-1625-08	3	0	0	5	0	21	5
TCGA-05-5715-01A-01D-1625-08	0	0	30	71	0	21	0
TCGA-17-Z000-01A-01W-0746-08	36	6	17	33	7	19	4
TCGA-17-Z001-01A-01W-0746-08	90	49	15	8	17	15	10
TCGA-17-Z002-01A-01W-0746-08	0	0	0	4	1	0	1
TCGA-17-Z003-01A-01W-0746-08	55	26	47	11	68	13	28
TCGA-17-Z004-01A-01W-0746-08	0	0	2	1	15	2	1
TCGA-17-Z007-01A-01W-0746-08	10	0	0	1	0	31	24
TCGA-17-Z009-01A-01W-0746-08	23	0	8	0	5	0	3
TCGA-17-Z011-01A-01W-0746-08	24	66	0	3	2	11	5
TCGA-17-Z013-01A-01W-0746-08	5	23	22	0	0	7	0
TCGA-17-Z015-01A-01W-0746-08	253	0	121	6	12	97	27
TCGA-17-Z017-01A-01W-0746-08	96	50	36	4	27	8	9
TCGA-17-Z018-01A-01W-0746-08	187	0	23	11	28	10	4
TCGA-17-Z019-01A-01W-0746-08	0	1	0	0	0	0	0
TCGA-17-Z020-01A-01W-0746-08	38	0	29	27	21	5	2
TCGA-17-Z021-01A-01W-0746-08	71	0	45	1	9	0	7
TCGA-17-Z022-01A-01W-0746-08	698	147	31	225	134	29	44
TCGA-17-Z023-01A-01W-0746-08	164	1	109	45	81	5	5
TCGA-17-Z025-01A-01W-0746-08	139	48	34	0	17	9	6
TCGA-17-Z026-01A-01W-0746-08	279	171	46	501	21	2	0
TCGA-17-Z027-01A-01W-0746-08	25	1	0	3	42	12	14
TCGA-17-Z028-01A-01W-0746-08	216	34	105	43	48	18	26
TCGA-17-Z030-01A-01W-0746-08	295	173	50	3	22	13	13
TCGA-17-Z031-01A-01W-0746-08	1443	0	256	5	209	58	441
TCGA-17-Z032-01A-01W-0746-08	35	0	4	25	22	18	6
TCGA-17-Z033-01A-01W-0746-08	79	8	10	36	18	2	16
TCGA-17-Z036-01A-01W-0746-08	28	4	2	10	6	9	18
TCGA-17-Z037-01A-01W-0746-08	8	0	3	7	0	88	35
TCGA-17-Z041-01A-01W-0746-08	11	0	14	9	4	11	0
TCGA-17-Z042-01A-01W-0746-08	272	53	89	10	51	17	7
TCGA-17-Z043-01A-01W-0746-08	63	13	46	21	58	3	9
TCGA-17-Z044-01A-01W-0746-08	26	60	9	5	18	3	5
TCGA-17-Z045-01A-01W-0746-08	379	54	147	14	71	5	46
TCGA-17-Z047-01A-01W-0747-08	0	0	15	1	0	6	1
TCGA-17-Z048-01A-01W-0746-08	0	0	6	2	7	8	6
TCGA-17-Z049-01A-01W-0746-08	278	67	51	33	66	6	8
TCGA-17-Z050-01A-01W-0747-08	58	7	0	26	51	22	9
TCGA-17-Z051-01A-01W-0747-08	43	36	16	8	25	9	0
TCGA-17-Z052-01A-01W-0747-08	56	27	4	0	27	1	3
TCGA-17-Z053-01A-01W-0747-08	81	51	36	24	42	21	0
TCGA-17-Z054-01A-01W-0747-08	0	0	3	0	0	1	0
TCGA-17-Z055-01A-01W-0747-08	330	0	133	14	134	11	13
TCGA-17-Z056-01A-01W-0747-08	175	102	60	77	50	7	8
TCGA-17-Z057-01A-01W-0747-08	62	1	90	194	46	21	0
TCGA-17-Z058-01A-01W-0747-08	31	12	4	3	14	9	5
TCGA-17-Z059-01A-01W-0747-08	82	8	19	32	0	11	7
TCGA-17-Z061-01A-01W-0747-08	24	58	37	10	43	0	10
TCGA-17-Z062-01A-01W-0747-08	256	7	92	14	54	6	14
TCGA-35-4122-01A-01D-1105-08	63	102	39	35	66	14	11
TCGA-35-4123-01A-01D-1105-08	146	92	48	0	2	16	0
TCGA-35-5375-01A-01D-1625-08	165	61	55	30	59	31	39
TCGA-38-4625-01A-01D-1553-08	419	0	0	122	30	20	20
TCGA-38-4626-01A-01D-1553-08	138	0	61	3	5	0	11
TCGA-38-4627-01A-01D-1553-08	4	0	1	4	1	14	4
TCGA-38-4628-01A-01D-1265-08	10	25	47	13	0	27	4
TCGA-38-4629-01A-02D-1265-08	96	29	76	22	9	29	24
TCGA-38-4630-01A-01D-1265-08	14	0	19	53	0	30	9
TCGA-38-4631-01A-01D-1753-08	444	224	66	1	33	5	1
TCGA-38-4632-01A-01D-1753-08	235	113	63	21	40	16	38
TCGA-38-6178-01A-11D-1753-08	5	26	1	3	6	11	2
TCGA-38-7271-01A-11D-2036-08	22	0	13	19	0	0	0
TCGA-44-2655-01A-01D-1553-08	132	20	0	11	16	6	3
TCGA-44-2655-01A-01W-0928-08	130	6	13	13	23	6	4
TCGA-44-2656-01A-02D-0969-08	552	0	278	0	16	34	35
TCGA-44-2656-01A-02D-A271-08	516	0	252	0	25	25	15
TCGA-44-2656-01A-02W-0928-08	487	0	261	0	16	11	34
TCGA-44-2656-01A-12D-A27T-08	520	0	274	0	23	30	26
TCGA-44-2656-01A-41D-A27T-08	553	0	253	0	38	30	20
TCGA-44-2656-01B-06D-A271-08	462	0	221	10	27	12	25
TCGA-44-2657-01A-01D-1105-08	272	30	23	38	32	23	1
TCGA-44-2661-01A-01D-1105-08	0	9	5	4	10	8	7
TCGA-44-2662-01A-01D-0969-08	16	0	64	140	0	2	4
TCGA-44-2662-01A-01D-A271-08	15	9	64	121	5	0	3
TCGA-44-2662-01A-01W-0928-08	21	0	50	124	8	0	4
TCGA-44-2662-01B-02D-A271-08	7	20	43	112	1	1	6
TCGA-44-2665-01A-01D-1040-01	0	2	0	11	15	16	3
TCGA-44-2665-01A-01D-A271-08	1	0	0	13	16	16	2
TCGA-44-2665-01A-01W-0928-08	0	0	0	13	26	10	3
TCGA-44-2665-01B-06D-A271-08	0	1	0	14	21	12	4
TCGA-44-2666-01A-01D-1489-08	1	0	6	2	9	9	3
TCGA-44-2666-01A-01D-A271-08	0	0	10	2	5	8	2
TCGA-44-2666-01A-01W-0928-08	0	0	10	3	5	11	3
TCGA-44-2666-01A-21D-A27T-08	4	0	5	3	5	13	4
TCGA-44-2666-01A-41D-A27T-08	0	1	6	4	9	10	4
TCGA-44-2666-01B-02D-A271-08	1	2	5	1	0	10	6
TCGA-44-2668-01A-01D-0969-08	200	0	80	71	22	13	16
TCGA-44-2668-01A-01D-A271-08	187	0	84	64	2	9	17
TCGA-44-2668-01A-01W-0928-08	214	0	79	72	11	9	12
TCGA-44-2668-01B-02D-A271-08	127	0	51	37	7	3	11
TCGA-44-3396-01A-01D-1553-08	29	20	32	79	0	31	2
TCGA-44-3398-01A-01D-1105-08	88	0	0	54	33	16	0
TCGA-44-3917-01A-01D-A271-08	80	9	94	16	20	13	0
TCGA-44-3917-01B-02D-A271-08	79	1	106	19	19	15	0
TCGA-44-3918-01B-02D-A271-08	654	0	138	72	44	13	6
TCGA-44-3919-01A-02D-1105-08	2	2	6	3	16	3	1
TCGA-44-3919-01A-02D-1458-08	0	0	16	6	12	4	0
TCGA-44-4112-01A-01D-1105-08	271	12	53	27	47	20	0
TCGA-44-4112-01A-01D-1458-08	273	41	52	22	43	19	0
TCGA-44-4112-01A-22D-A27T-08	286	27	54	26	41	31	0
TCGA-44-4112-01A-31D-A27T-08	283	25	36	85	36	36	0
TCGA-44-4112-01B-06D-A271-08	227	3	36	26	44	13	0
TCGA-44-5643-01A-01D-1625-08	13	53	17	23	0	31	1
TCGA-44-5644-01A-21D-2036-08	552	138	126	37	60	58	25
TCGA-44-5645-01A-01D-1625-08	0	4	0	0	14	11	7
TCGA-44-5645-01A-01D-A271-08	0	5	1	0	14	9	7
TCGA-44-5645-01A-21D-A27T-08	0	6	2	0	13	12	7
TCGA-44-5645-01A-51D-A27T-08	0	3	4	0	12	12	7
TCGA-44-5645-01B-04D-A271-08	0	8	3	0	9	13	4
TCGA-44-6144-01A-11D-1753-08	92	70	1	17	23	17	16
TCGA-44-6145-01A-11D-1753-08	227	2	40	4	19	12	21
TCGA-44-6147-01A-11D-1753-08	80	68	3	12	0	12	12
TCGA-44-6147-01A-11D-A271-08	98	54	0	23	0	15	9
TCGA-44-6147-01A-21D-A27T-08	76	90	0	14	0	38	8
TCGA-44-6147-01A-31D-A27T-08	44	73	1	0	0	0	5
TCGA-44-6147-01B-06D-A271-08	56	70	4	4	0	11	6
TCGA-44-6774-01A-21D-1855-08	195	77	17	0	9	8	1
TCGA-44-6775-01A-11D-1855-08	9	20	0	3	21	7	0
TCGA-44-6775-01A-11D-A271-08	0	30	0	5	15	9	0
TCGA-44-6775-01A-21D-A27T-08	5	24	0	3	19	7	0
TCGA-44-6775-01A-31D-A27T-08	9	22	1	5	22	7	0
TCGA-44-6775-01C-02D-A271-08	2	21	0	2	23	7	0
TCGA-44-6776-01A-11D-1855-08	106	43	5	6	27	12	1
TCGA-44-6777-01A-11D-1855-08	173	2	51	72	40	28	6
TCGA-44-6778-01A-11D-1855-08	192	44	80	7	46	17	19
TCGA-44-6779-01A-11D-1855-08	16	45	0	3	0	31	6
TCGA-44-7659-01A-11D-2063-08	59	40	0	8	35	4	6
TCGA-44-7660-01A-11D-2063-08	98	47	107	21	75	13	0
TCGA-44-7661-01A-11D-2063-08	110	39	34	34	33	11	0
TCGA-44-7662-01A-11D-2063-08	258	169	25	50	53	10	19
TCGA-44-7667-01A-31D-2063-08	189	166	61	1	0	36	31
TCGA-44-7670-01A-11D-2063-08	663	90	138	129	27	34	55
TCGA-44-7671-01A-11D-2063-08	81	47	70	2	21	19	0
TCGA-44-7672-01A-11D-2063-08	76	30	35	1	5	9	6
TCGA-44-8117-01A-11D-2238-08	525	111	29	32	70	42	3
TCGA-44-8119-01A-11D-2238-08	308	130	78	9	58	57	26
TCGA-44-8120-01A-11D-2238-08	372	160	1	23	59	30	0
TCGA-44-A479-01A-31D-A24D-08	211	0	0	26	40	11	7
TCGA-44-A47A-01A-21D-A24D-08	31	5	81	57	19	23	0
TCGA-44-A47G-01A-21D-A24D-08	0	21	25	11	0	8	4
TCGA-44-A4SS-01A-11D-A24P-08	221	5	93	44	85	19	24
TCGA-44-A4SU-01A-11D-A24P-08	42	52	14	1	20	21	0
TCGA-49-4487-01A-21D-1855-08	163	23	78	52	33	2	1
TCGA-49-4488-01A-01D-1753-08	197	20	3	28	24	6	21
TCGA-49-4490-01A-21D-1855-08	0	2	3	9	13	10	3
TCGA-49-4494-01A-01D-1265-08	110	10	49	7	0	19	5
TCGA-49-4501-01A-01D-1265-08	0	15	0	7	0	18	6
TCGA-49-4505-01A-01D-1931-08	92	69	6	11	4	33	7
TCGA-49-4506-01A-01D-1265-08	55	10	0	6	27	11	7
TCGA-49-4510-01A-01D-1265-08	18	0	2	6	19	2	0
TCGA-49-4512-01A-21D-1855-08	3	10	0	3	0	13	7
TCGA-49-4514-01A-21D-1855-08	105	72	32	97	5	26	3
TCGA-49-6743-01A-11D-1855-08	252	75	57	199	121	23	48
TCGA-49-6744-01A-11D-1855-08	104	83	22	0	0	4	0
TCGA-49-6745-01A-11D-1855-08	0	21	5	63	7	26	7
TCGA-49-6761-01A-31D-1945-08	39	18	16	67	15	13	19
TCGA-49-AAQV-01A-11D-A397-08	0	20	7	23	5	6	0
TCGA-49-AAR0-01A-21D-A397-08	46	32	0	16	4	22	16
TCGA-49-AAR3-01A-11D-A410-08	41	27	8	14	26	3	4
TCGA-49-AAR4-01A-12D-A410-08	265	111	54	88	37	6	12
TCGA-49-AAR9-01A-21D-A410-08	379	207	64	0	0	35	0
TCGA-49-AARE-01A-11D-A410-08	810	143	19	80	162	35	31
TCGA-49-AARN-01A-21D-A410-08	199	35	0	72	0	0	486
TCGA-49-AARO-01A-12D-A410-08	469	34	53	26	31	0	13
TCGA-49-AARQ-01A-11D-A410-08	404	214	52	64	1	22	0
TCGA-49-AARR-01A-11D-A410-08	1	0	0	0	0	0	0
TCGA-4B-A93V-01A-11D-A397-08	56	46	0	6	17	8	10
TCGA-50-5044-01A-21D-1855-08	0	0	30	90	7	3	0
TCGA-50-5045-01A-01D-1625-08	218	26	0	15	24	3	0
TCGA-50-5051-01A-21D-1855-08	51	30	7	3	10	15	0
TCGA-50-5055-01A-01D-1625-08	0	0	2	0	5	3	0
TCGA-50-5066-01A-01D-1625-08	126	40	34	17	29	1	25
TCGA-50-5066-02A-11D-2107-08	126	84	85	8	25	14	44
TCGA-50-5068-01A-01D-1625-08	29	1	16	7	15	23	0
TCGA-50-5072-01A-21D-1855-08	62	37	2	16	27	12	10
TCGA-50-5930-01A-11D-1753-08	792	148	108	0	74	25	20
TCGA-50-5931-01A-11D-1753-08	136	78	13	16	69	10	0
TCGA-50-5932-01A-11D-1753-08	42	11	21	0	0	4	0
TCGA-50-5935-01A-11D-1753-08	0	0	3	53	30	8	0
TCGA-50-5939-01A-11D-1625-08	0	23	0	15	17	11	7
TCGA-50-5941-01A-11D-1753-08	167	90	61	15	37	10	0
TCGA-50-5942-01A-21D-1753-08	20	17	2	1	5	3	8
TCGA-50-5946-01A-11D-1753-08	370	0	33	150	99	43	0
TCGA-50-5946-02A-11D-2107-08	373	28	28	167	98	44	2
TCGA-50-6590-01A-12D-1855-08	458	29	147	161	90	5	13
TCGA-50-6591-01A-11D-1753-08	0	0	28	2	0	8	12
TCGA-50-6592-01A-11D-1753-08	32	112	93	34	0	17	12
TCGA-50-6593-01A-11D-1753-08	162	25	40	10	54	12	20
TCGA-50-6594-01A-11D-1753-08	303	76	79	39	29	9	12
TCGA-50-6595-01A-12D-1855-08	0	40	0	19	9	5	7
TCGA-50-6597-01A-11D-1855-08	0	2	3	19	5	13	12
TCGA-50-6673-01A-11D-1945-08	0	15	0	6	11	17	2
TCGA-50-7109-01A-11D-2036-08	112	52	31	0	29	23	4
TCGA-50-8457-01A-11D-2323-08	14	5	10	4	10	8	4
TCGA-50-8460-01A-11D-2323-08	1	9	0	3	0	9	7
TCGA-53-7624-01A-11D-2063-08	348	81	146	139	76	37	16
TCGA-53-7626-01A-12D-2063-08	229	0	35	39	61	1	0
TCGA-53-7813-01A-11D-2167-08	73	7	36	0	21	17	2
TCGA-55-1592-01A-01D-0969-08	95	191	91	36	107	10	18
TCGA-55-1592-01A-01W-0928-08	90	160	111	34	103	15	9
TCGA-55-1594-01A-01D-1040-01	39	0	26	61	0	20	13
TCGA-55-1594-01A-01W-0928-08	28	6	31	60	6	12	10
TCGA-55-1595-01A-01D-0969-08	160	85	46	4	27	12	0
TCGA-55-1596-01A-01D-1040-01	41	61	22	3	59	9	3
TCGA-55-1596-01A-01W-0928-08	37	59	39	0	50	6	1
TCGA-55-5899-01A-11D-1625-08	226	40	46	106	26	18	12
TCGA-55-6543-01A-11D-1753-08	0	3	2	1	0	14	2
TCGA-55-6642-01A-11D-1855-08	74	3	12	6	17	8	8
TCGA-55-6712-01A-11D-1855-08	10	0	49	67	0	11	0
TCGA-55-6968-01A-11D-1945-08	63	0	124	339	0	1	0
TCGA-55-6969-01A-11D-1945-08	199	12	76	7	70	5	42
TCGA-55-6971-01A-11D-1945-08	20	25	14	2	18	0	5
TCGA-55-6972-01A-11D-1945-08	45	78	0	113	0	11	29
TCGA-55-6975-01A-11D-1945-08	17	0	19	8	8	14	5
TCGA-55-6978-01A-11D-1945-08	0	0	6	0	6	7	8
TCGA-55-6979-01A-11D-1945-08	36	27	20	26	5	0	0
TCGA-55-6980-01A-11D-1945-08	0	4	3	0	1	3	0
TCGA-55-6981-01A-11D-1945-08	0	3	19	5	1	19	2
TCGA-55-6982-01A-11D-1945-08	4	10	14	162	20	11	0
TCGA-55-6984-01A-11D-1945-08	0	0	12	0	5	3	0
TCGA-55-6985-01A-11D-1945-08	279	0	94	0	61	19	5
TCGA-55-6986-01A-11D-1945-08	0	0	0	1	12	5	0
TCGA-55-6987-01A-11D-1945-08	39	0	88	49	0	7	0
TCGA-55-7281-01A-11D-2036-08	187	159	42	27	30	12	5
TCGA-55-7283-01A-11D-2036-08	54	49	32	37	0	43	13
TCGA-55-7284-01B-11D-2238-08	0	3	8	0	0	22	10
TCGA-55-7570-01A-11D-2036-08	89	55	115	68	64	2	0
TCGA-55-7573-01A-11D-2036-08	9	11	18	4	6	1	2
TCGA-55-7574-01A-11D-2036-08	33	0	85	99	14	2	0
TCGA-55-7576-01A-11D-2063-08	151	124	52	9	26	26	8
TCGA-55-7724-01A-11D-2167-08	21	46	22	24	59	26	13
TCGA-55-7725-01A-11D-2167-08	62	46	0	1	18	10	4
TCGA-55-7726-01A-11D-2167-08	0	0	41	57	0	17	0
TCGA-55-7727-01A-11D-2167-08	61	89	0	84	0	17	14
TCGA-55-7903-01A-11D-2167-08	44	35	21	15	10	28	3
TCGA-55-7907-01A-11D-2167-08	667	206	96	184	52	26	0
TCGA-55-7910-01A-11D-2167-08	180	30	80	0	1	32	0
TCGA-55-7911-01A-11D-2167-08	71	102	47	9	0	14	0
TCGA-55-7913-01B-11D-2238-08	145	103	38	24	16	23	5
TCGA-55-7914-01A-11D-2167-08	75	0	26	23	23	31	4
TCGA-55-7994-01A-11D-2184-08	923	224	176	62	179	64	8
TCGA-55-7995-01A-11D-2184-08	304	93	96	83	73	10	43
TCGA-55-8085-01A-11D-2238-08	89	8	9	121	21	29	9
TCGA-55-8087-01A-11D-2238-08	0	5	0	7	2	13	0
TCGA-55-8089-01A-11D-2238-08	528	221	156	350	15	27	8
TCGA-55-8090-01A-11D-2238-08	21	39	10	0	16	6	0
TCGA-55-8091-01A-11D-2238-08	1	0	0	2	0	18	0
TCGA-55-8092-01A-11D-2238-08	233	115	0	124	34	60	36
TCGA-55-8094-01A-11D-2238-08	268	71	43	7	18	23	47
TCGA-55-8096-01A-11D-2238-08	49	40	35	1	0	19	6
TCGA-55-8097-01A-11D-2238-08	37	0	19	9	6	36	6
TCGA-55-8203-01A-11D-2238-08	283	48	54	0	32	35	0
TCGA-55-8204-01A-11D-2238-08	36	37	26	75	37	19	2
TCGA-55-8206-01A-11D-2238-08	3	7	0	3	0	10	3
TCGA-55-8208-01A-11D-2238-08	36	4	91	143	52	6	6
TCGA-55-8299-01A-11D-2284-08	85	26	30	7	31	0	11
TCGA-55-8301-01A-11D-2284-08	132	22	38	26	54	11	11
TCGA-55-8506-01A-11D-2393-08	876	139	13	16	176	522	18
TCGA-55-8507-01A-11D-2393-08	647	34	149	22	99	47	36
TCGA-55-8510-01A-11D-2393-08	139	113	49	13	0	9	1
TCGA-55-8511-01A-11D-2393-08	303	57	26	70	54	32	42
TCGA-55-8512-01A-11D-2393-08	5	16	13	2	1	2	1
TCGA-55-8514-01A-11D-2393-08	128	92	40	0	0	36	0
TCGA-55-8614-01A-11D-2393-08	17	74	63	19	23	51	0
TCGA-55-8615-01A-11D-2393-08	29	36	25	0	12	10	15
TCGA-55-8616-01A-11D-2393-08	339	67	44	7	25	41	0
TCGA-55-8620-01A-11D-2393-08	255	66	88	12	41	46	14
TCGA-55-8621-01A-11D-2393-08	26	0	9	3	10	5	0
TCGA-55-A48X-01A-11D-A24D-08	214	105	33	17	4	11	4
TCGA-55-A48Y-01A-11D-A24D-08	0	0	25	318	0	25	0
TCGA-55-A48Z-01A-12D-A24P-08	14	0	3	5	14	15	6
TCGA-55-A490-01A-11D-A24D-08	867	278	39	91	62	34	0
TCGA-55-A491-01A-11D-A24D-08	202	50	35	24	48	23	13
TCGA-55-A492-01A-11D-A24D-08	131	74	6	13	48	14	4
TCGA-55-A493-01A-11D-A24D-08	87	74	3	61	16	20	7
TCGA-55-A494-01A-11D-A24P-08	115	20	42	9	0	51	11
TCGA-55-A4DF-01A-11D-A24D-08	56	107	126	513	0	37	0
TCGA-55-A4DG-01A-11D-A24D-08	426	54	154	3	57	29	0
TCGA-55-A57B-01A-12D-A397-08	5	0	0	7	4	18	3
TCGA-62-8394-01A-11D-2323-08	5	26	31	35	10	19	11
TCGA-62-8395-01A-11D-2323-08	0	0	29	14	0	28	2
TCGA-62-8397-01A-11D-2323-08	6	2	1	2	1	9	4
TCGA-62-8398-01A-11D-2323-08	31	9	0	11	16	11	6
TCGA-62-8399-01A-21D-2323-08	189	0	109	191	6	46	8
TCGA-62-8402-01A-11D-2323-08	0	23	2	5	3	18	6
TCGA-62-A46O-01A-11D-A24D-08	442	123	71	149	97	37	16
TCGA-62-A46P-01A-11D-A24D-08	170	56	18	0	12	28	0
TCGA-62-A46R-01A-11D-A24D-08	49	41	15	22	12	23	10
TCGA-62-A46S-01A-11D-A24D-08	59	0	0	14	13	21	19
TCGA-62-A46U-01A-11D-A24D-08	6	7	9	8	0	14	0
TCGA-62-A46V-01A-11D-A24D-08	2	14	7	5	0	19	10
TCGA-62-A46Y-01A-11D-A24D-08	4	4	0	1	0	13	10
TCGA-62-A471-01A-12D-A24D-08	0	23	3	55	25	14	3
TCGA-62-A472-01A-11D-A24D-08	2	31	1	3	5	10	5
TCGA-64-1676-01A-01D-0969-08	340	177	68	0	19	21	3
TCGA-64-1676-01A-01W-0928-08	323	194	57	0	10	20	1
TCGA-64-1677-01A-01W-0928-08	26	49	29	71	20	19	0
TCGA-64-1678-01A-01W-0928-08	270	106	0	29	9	11	12
TCGA-64-1679-01A-21D-2063-08	285	151	56	19	4	12	0
TCGA-64-1680-01A-02D-0969-08	0	0	21	14	0	16	1
TCGA-64-1680-01A-02W-0928-08	1	3	14	10	0	13	5
TCGA-64-1681-01A-11D-2063-08	0	0	22	11	0	5	27
TCGA-64-5774-01A-01D-1625-08	80	27	8	2	13	14	0
TCGA-64-5775-01A-01D-1625-08	303	117	20	14	14	35	3
TCGA-64-5778-01A-01D-1625-08	256	142	4	24	37	19	4
TCGA-64-5781-01A-01D-1625-08	501	388	99	103	0	33	28
TCGA-64-5815-01A-01D-1625-08	79	43	33	0	0	26	0
TCGA-67-3770-01A-01D-0969-08	112	43	0	5	57	15	1
TCGA-67-3770-01A-01W-0928-08	116	30	0	7	56	17	0
TCGA-67-3771-01A-01D-1040-01	263	242	218	286	92	34	5
TCGA-67-3771-01A-01W-0928-08	228	288	251	277	74	34	29
TCGA-67-3773-01A-01D-1040-01	39	41	0	1	2	15	4
TCGA-67-3774-01A-01D-1040-01	28	33	34	2	6	9	6
TCGA-67-3774-01A-01W-0928-08	23	22	41	0	8	6	3
TCGA-67-4679-01B-01D-1753-08	135	94	31	0	0	20	12
TCGA-67-6215-01A-11D-1753-08	0	0	0	0	0	1	108
TCGA-67-6216-01A-11D-1753-08	0	7	3	8	2	3	3
TCGA-67-6217-01A-11D-1753-08	110	0	36	4	13	12	17
TCGA-69-7760-01A-11D-2167-08	15	0	0	5	12	19	20
TCGA-69-7764-01A-11D-2167-08	7	38	0	5	25	16	0
TCGA-69-7765-01A-11D-2167-08	357	96	81	47	44	0	15
TCGA-69-7973-01A-11D-2184-08	180	43	0	9	5	28	0
TCGA-69-7974-01A-11D-2184-08	279	89	36	24	63	36	1
TCGA-69-7978-01A-11D-2184-08	261	0	134	159	33	29	0
TCGA-69-8253-01A-11D-2284-08	47	86	0	14	0	15	5
TCGA-69-8254-01A-11D-2284-08	3	42	0	0	4	19	7
TCGA-69-8255-01A-11D-2284-08	61	102	48	27	7	24	31
TCGA-69-A59K-01A-11D-A25L-08	355	27	0	52	23	45	6
TCGA-71-6725-01A-11D-1855-08	3	7	2	6	5	30	4
TCGA-71-8520-01A-11D-2393-08	17	0	6	16	13	32	8
TCGA-73-4658-01A-01D-1753-08	100	66	0	124	13	8	21
TCGA-73-4659-01A-01D-1265-08	93	25	75	0	0	16	13
TCGA-73-4662-01A-01D-1265-08	87	64	33	9	11	9	0
TCGA-73-4670-01A-01D-1265-08	147	113	6	6	27	21	46
TCGA-73-4675-01A-01D-1265-08	6	15	2	3	25	13	5
TCGA-73-4676-01A-01D-1753-08	17	28	0	1	27	14	11
TCGA-73-4677-01A-01D-1265-08	138	17	34	14	31	20	11
TCGA-73-7498-01A-12D-2184-08	34	33	24	0	0	18	8
TCGA-75-5122-01A-01D-1753-08	28	29	21	19	18	19	0
TCGA-75-5125-01A-01D-1753-08	42	5	37	36	19	17	8
TCGA-75-5126-01A-01D-1753-08	302	0	103	152	36	21	8
TCGA-75-5146-01A-01D-1625-08	102	64	0	7	18	2	0
TCGA-75-5147-01A-01D-1625-08	0	0	4	10	8	10	4
TCGA-75-6203-01A-11D-1753-08	0	0	2	0	0	11	0
TCGA-75-6205-01A-11D-1753-08	0	0	23	1	6	3	10
TCGA-75-6206-01A-11D-1753-08	17	32	31	4	8	0	0
TCGA-75-6207-01A-11D-1753-08	10	0	0	15	23	10	0
TCGA-75-6211-01A-11D-1753-08	219	1	83	14	44	19	12
TCGA-75-6214-01A-41D-1945-08	273	127	98	152	57	28	0
TCGA-75-7025-01A-12D-1945-08	0	0	0	8	2	17	3
TCGA-75-7027-01A-11D-1945-08	110	57	24	5	32	18	4
TCGA-75-7030-01A-11D-1945-08	3	0	0	0	0	3	2
TCGA-78-7145-01A-11D-2036-08	94	31	42	6	0	18	6
TCGA-78-7146-01A-11D-2036-08	140	96	16	83	4	38	5
TCGA-78-7147-01A-11D-2036-08	113	35	73	46	47	22	27
TCGA-78-7148-01A-11D-2036-08	82	63	12	4	46	4	9
TCGA-78-7149-01A-11D-2036-08	24	26	0	72	12	13	1
TCGA-78-7150-01A-21D-2036-08	95	35	75	138	27	33	32
TCGA-78-7152-01A-11D-2036-08	42	18	53	71	12	7	3
TCGA-78-7153-01A-11D-2036-08	4	14	28	20	16	15	7
TCGA-78-7154-01A-11D-2036-08	37	19	0	106	51	42	11
TCGA-78-7155-01A-11D-2036-08	905	243	55	105	180	40	52
TCGA-78-7160-01A-11D-2036-08	0	4	14	4	15	4	0
TCGA-78-7161-01A-11D-2036-08	84	68	0	8	10	20	8
TCGA-78-7162-01A-21D-2063-08	13	37	7	12	13	4	1
TCGA-78-7163-01A-12D-2063-08	0	0	7	0	0	7	5
TCGA-78-7166-01A-12D-2063-08	161	31	0	3	19	7	19
TCGA-78-7167-01A-11D-2063-08	19	26	8	25	0	18	4
TCGA-78-7220-01A-11D-2036-08	309	357	80	79	19	16	29
TCGA-78-7535-01A-11D-2063-08	60	63	0	0	20	6	35
TCGA-78-7536-01A-11D-2063-08	333	174	21	2	63	23	37
TCGA-78-7539-01A-11D-2063-08	65	0	162	253	1	34	0
TCGA-78-7540-01A-11D-2063-08	0	0	15	0	0	15	0
TCGA-78-7542-01A-21D-2063-08	223	88	0	25	0	28	21
TCGA-78-7633-01A-11D-2063-08	28	72	5	0	0	4	0
TCGA-78-8640-01A-11D-2393-08	315	0	131	113	93	48	57
TCGA-78-8648-01A-11D-2393-08	1	6	0	0	0	0	0
TCGA-78-8655-01A-11D-2393-08	32	28	4	4	21	13	3
TCGA-78-8662-01A-11D-2393-08	630	194	105	76	131	38	52
TCGA-80-5607-01A-31D-1945-08	1	0	0	115	10	5	0
TCGA-80-5608-01A-31D-1945-08	85	39	27	7	0	22	0
TCGA-80-5611-01A-01D-1625-08	39	37	31	3	50	13	25
TCGA-83-5908-01A-21D-2284-08	75	0	77	79	0	14	0
TCGA-86-6562-01A-11D-1753-08	2	0	21	10	0	13	7
TCGA-86-6851-01A-11D-1945-08	444	160	133	79	102	0	0
TCGA-86-7701-01A-11D-2167-08	107	51	0	1	23	16	6
TCGA-86-7711-01A-11D-2063-08	55	33	46	40	21	18	18
TCGA-86-7713-01A-11D-2063-08	48	72	25	0	0	10	5
TCGA-86-7954-01A-11D-2184-08	61	58	0	32	31	33	5
TCGA-86-7955-01A-11D-2184-08	106	140	0	25	9	25	23
TCGA-86-8055-01A-11D-2238-08	0	2	10	5	0	16	11
TCGA-86-8056-01A-11D-2238-08	27	82	0	149	0	23	6
TCGA-86-8073-01A-11D-2238-08	998	242	53	91	128	29	12
TCGA-86-8074-01A-11D-2238-08	6	3	19	3	3	11	26
TCGA-86-8075-01A-11D-2238-08	0	7	0	3	11	19	2
TCGA-86-8076-01A-31D-2238-08	7	0	19	21	10	10	0
TCGA-86-8279-01A-11D-2284-08	363	0	32	19	89	19	21
TCGA-86-8280-01A-11D-2284-08	0	18	8	1	10	11	0
TCGA-86-8281-01A-11D-2284-08	133	30	15	25	38	26	0
TCGA-86-8359-01A-11D-2323-08	81	50	9	5	0	21	4
TCGA-86-8585-01A-11D-2393-08	261	23	138	88	59	15	10
TCGA-86-8668-01A-11D-2393-08	0	7	0	5	4	14	1
TCGA-86-8671-01A-11D-2393-08	0	3	13	2	0	7	8
TCGA-86-8672-01A-21D-2393-08	103	134	28	23	0	19	8
TCGA-86-8673-01A-11D-2393-08	173	161	78	17	37	15	8
TCGA-86-8674-01A-21D-2393-08	183	45	17	34	4	6	15
TCGA-86-A456-01A-11D-A24D-08	195	71	0	28	53	14	3
TCGA-86-A4JF-01A-11D-A24P-08	256	0	0	118	536	393	19
TCGA-86-A4P7-01A-11D-A24P-08	0	0	33	21	0	6	0
TCGA-91-6828-01A-11D-1855-08	158	4	62	21	0	20	11
TCGA-91-6829-01A-21D-1855-08	251	165	84	33	99	7	25
TCGA-91-6830-01A-11D-1945-08	5	7	20	170	18	2	0
TCGA-91-6831-01A-11D-1855-08	104	4	85	7	63	7	7
TCGA-91-6835-01A-11D-1855-08	18	0	6	15	28	8	3
TCGA-91-6836-01A-21D-1855-08	211	126	90	7	11	22	3
TCGA-91-6840-01A-11D-1945-08	0	0	43	64	1	16	0
TCGA-91-6847-01A-11D-1945-08	6	3	17	13	3	28	4
TCGA-91-6848-01A-11D-1945-08	251	0	128	85	126	6	7
TCGA-91-6849-01A-11D-1945-08	28	59	15	1	1	8	5
TCGA-91-7771-01A-11D-2167-08	9	134	23	10	10	8	0
TCGA-91-A4BC-01A-11D-A24D-08	245	47	100	9	9	19	26
TCGA-91-A4BD-01A-11D-A24D-08	0	0	0	5	8	10	0
TCGA-93-7347-01A-11D-2184-08	49	48	0	7	13	5	0
TCGA-93-7348-01A-21D-2036-08	30	17	0	16	16	22	11
TCGA-93-8067-01A-11D-2284-08	46	1	41	431	0	29	4
TCGA-93-8067-01C-01D-A38P-08	25	27	0	217	7	6	4
TCGA-93-8067-01D-01D-A38P-08	35	1	0	138	3	5	7
TCGA-93-A4JO-01A-21D-A24P-08	0	0	29	7	6	0	8
TCGA-93-A4JP-01A-11D-A24P-08	10	0	8	19	0	8	10
TCGA-93-A4JP-01D-01D-A38P-08	18	0	24	33	0	32	9
TCGA-93-A4JP-01E-01D-A38P-08	15	0	33	29	0	21	6
TCGA-95-7039-01A-11D-1945-08	695	180	170	39	109	37	62
TCGA-95-7043-01A-11D-1945-08	672	232	101	39	30	63	0
TCGA-95-7562-01A-11D-2238-08	287	31	21	7	33	22	0
TCGA-95-7567-01A-11D-2063-08	256	0	0	9	424	210	40
TCGA-95-7944-01A-11D-2184-08	0	21	40	190	0	12	0
TCGA-95-7947-01A-11D-2184-08	89	111	77	199	60	22	19
TCGA-95-7948-01A-11D-2184-08	0	0	0	129	0	15	0
TCGA-95-8494-01A-11D-2323-08	7	0	0	65	0	33	7
TCGA-95-A4VK-01A-11D-A25L-08	146	50	30	5	7	29	7
TCGA-95-A4VN-01A-11D-A25L-08	246	110	80	22	5	11	8
TCGA-97-7547-01A-11D-2036-08	58	0	62	39	0	16	0
TCGA-97-7552-01A-11D-2036-08	0	0	10	0	1	12	8
TCGA-97-7553-01A-21D-2036-08	10	11	1	3	0	20	0
TCGA-97-7554-01A-11D-2036-08	219	117	12	11	73	15	4
TCGA-97-7938-01A-11D-2167-08	249	41	12	47	49	20	0
TCGA-97-8171-01A-11D-2284-08	4	6	13	1	7	24	0
TCGA-97-8174-01A-11D-2284-08	67	24	28	16	4	28	2
TCGA-97-8175-01A-11D-2284-08	1	10	9	2	0	4	4
TCGA-97-8177-01A-11D-2284-08	0	10	8	2	1	7	6
TCGA-97-8552-01A-11D-2393-08	0	6	10	0	0	7	0
TCGA-97-A4LX-01A-11D-A24P-08	102	29	6	4	39	2	5
TCGA-97-A4M0-01A-11D-A24P-08	187	52	41	65	51	1	9
TCGA-97-A4M1-01A-11D-A24P-08	7	0	4	11	1	19	1
TCGA-97-A4M3-01A-11D-A24P-08	118	14	23	29	16	12	6
TCGA-97-A4M6-01A-11D-A24P-08	2	1	0	4	17	7	2
TCGA-97-A4M7-01A-11D-A24P-08	222	18	16	11	39	10	0
TCGA-99-7458-01A-11D-2036-08	252	101	52	6	65	22	0
TCGA-99-8025-01A-11D-2238-08	143	79	77	133	33	46	5
TCGA-99-8028-01A-11D-2238-08	285	0	20	5	79	1	11
TCGA-99-8033-01A-11D-2238-08	55	61	20	4	23	15	0
TCGA-99-AA5R-01A-11D-A397-08	19	0	20	1	0	0	2
TCGA-J2-8192-01A-11D-2238-08	2	4	32	8	0	24	4
TCGA-J2-8194-01A-11D-2238-08	39	54	26	1	7	24	7
TCGA-J2-A4AD-01A-11D-A24D-08	64	0	80	131	48	16	6
TCGA-J2-A4AE-01A-21D-A24D-08	0	0	15	14	8	19	0
TCGA-J2-A4AG-01A-11D-A24D-08	25	29	0	4	14	9	0
TCGA-L4-A4E5-01A-11D-A24P-08	205	98	17	6	9	16	12
TCGA-L4-A4E6-01A-11D-A24D-08	5	0	1	2	0	0	0
TCGA-L9-A443-01A-12D-A24D-08	109	103	18	6	12	7	0
TCGA-L9-A50W-01A-12D-A397-08	0	13	0	8	3	2	7
TCGA-L9-A5IP-01A-21D-A397-08	174	57	19	15	22	11	4
TCGA-L9-A743-01A-43D-A397-08	41	0	14	47	15	2	2
TCGA-L9-A7SV-01A-11D-A397-08	1329	263	2	36	71	36	0
TCGA-L9-A8F4-01A-11D-A397-08	410	210	37	41	69	26	27
TCGA-MN-A4N1-01A-11D-A24P-08	251	57	75	21	17	39	12
TCGA-MN-A4N4-01A-12D-A24P-08	731	150	186	323	74	34	30
TCGA-MN-A4N5-01A-11D-A24P-08	271	72	0	43	59	15	16
TCGA-MP-A4SV-01A-11D-A24P-08	115	0	61	114	45	13	5
TCGA-MP-A4SW-01A-21D-A24P-08	8	11	0	12	2	33	1
TCGA-MP-A4T2-01A-11D-A24P-08	8	22	0	23	27	8	0
TCGA-MP-A4T4-01A-11D-A25L-08	242	4	29	29	61	18	18
TCGA-MP-A4T6-01A-32D-A25L-08	0	7	12	22	12	21	4
TCGA-MP-A4T7-01A-11D-A24P-08	76	21	24	1	0	16	3
TCGA-MP-A4T8-01A-11D-A24P-08	45	34	0	6	15	10	4
TCGA-MP-A4T9-01A-11D-A24P-08	4	0	12	4	9	4	2
TCGA-MP-A4TA-01A-21D-A24P-08	150	99	9	17	62	24	9
TCGA-MP-A4TC-01A-11D-A24P-08	136	67	2	23	36	7	0
TCGA-MP-A4TD-01A-32D-A25L-08	17	40	10	0	7	10	0
TCGA-MP-A4TE-01A-22D-A25L-08	45	47	3	0	0	46	3
TCGA-MP-A4TF-01A-11D-A25L-08	263	3	61	22	42	22	22
TCGA-MP-A4TH-01A-31D-A25L-08	24	40	15	0	14	15	5
TCGA-MP-A4TK-01A-11D-A24P-08	168	109	29	40	12	9	0
TCGA-NJ-A4YF-01A-12D-A25L-08	380	107	95	15	23	13	12
TCGA-NJ-A4YP-01A-11D-A25L-08	77	91	0	375	0	3	42
TCGA-NJ-A4YQ-01A-11D-A25L-08	664	221	89	6	138	16	10
TCGA-NJ-A55R-01A-11D-A25L-08	149	0	61	9	46	7	11
TCGA-NJ-A7XG-01A-12D-A397-08	6	0	10	0	0	16	1
TCGA-O1-A52J-01A-11D-A25L-08	90	61	0	4	16	17	0
TCGA-S2-AA1A-01A-12D-A397-08	63	37	19	0	0	9	0
