Samples	SBS96A	SBS96B	SBS96C	SBS96D	SBS96E	SBS96F	SBS96G	SBS96H	SBS96I	SBS96J
TCGA-05-4244-01A-01D-1105-08	55	61	7	15	4	8	27	15	28	0
TCGA-05-4250-01A-01D-1105-08	106	56	40	54	44	24	0	21	29	6
TCGA-05-4382-01A-01D-1931-08	779	428	182	137	12	128	29	40	22	34
TCGA-05-4384-01A-01D-1753-08	40	19	11	11	0	0	24	8	20	3
TCGA-05-4389-01A-01D-1265-08	1	77	69	16	0	6	0	31	26	13
TCGA-05-4390-01A-02D-1753-08	196	174	0	75	54	17	22	18	3	12
TCGA-05-4395-01A-01D-1265-08	58	27	85	23	28	0	33	17	3	7
TCGA-05-4396-01A-21D-1855-08	57	23	15	55	0	32	34	19	9	6
TCGA-05-4397-01A-01D-1265-08	220	86	130	63	100	135	58	16	44	23
TCGA-05-4398-01A-01D-1265-08	239	98	76	47	0	86	95	28	37	34
TCGA-05-4402-01A-01D-1265-08	0	2	63	0	51	0	0	8	0	0
TCGA-05-4403-01A-01D-1265-08	0	11	5	48	0	12	20	31	9	1
TCGA-05-4405-01A-21D-1855-08	93	124	11	14	23	28	41	17	23	13
TCGA-05-4410-01A-21D-1855-08	347	282	114	108	35	65	124	22	27	5
TCGA-05-4415-01A-22D-1855-08	64	40	0	31	18	34	0	10	11	0
TCGA-05-4417-01A-22D-1855-08	37	137	0	38	4	69	0	12	15	4
TCGA-05-4418-01A-01D-1265-08	91	0	14	66	9	44	0	12	46	8
TCGA-05-4420-01A-01D-1265-08	95	63	16	14	16	60	0	8	23	5
TCGA-05-4422-01A-01D-1265-08	8	0	12	0	0	0	20	5	0	0
TCGA-05-4424-01A-22D-1855-08	379	30	62	5	119	49	20	19	12	17
TCGA-05-4425-01A-01D-1753-08	0	0	1	9	2	0	3	19	4	2
TCGA-05-4426-01A-01D-1265-08	3	0	6	0	0	14	7	13	0	2
TCGA-05-4427-01A-21D-1855-08	405	72	43	109	87	187	28	31	19	63
TCGA-05-4430-01A-02D-1265-08	131	22	8	0	57	21	0	12	12	10
TCGA-05-4432-01A-01D-1265-08	115	151	13	83	12	94	64	27	24	19
TCGA-05-4433-01A-22D-1855-08	0	1	0	4	4	0	0	26	3	0
TCGA-05-4434-01A-01D-1265-08	0	0	6	0	3	17	2	5	11	0
TCGA-05-5420-01A-01D-1625-08	24	0	3	8	10	0	25	12	6	0
TCGA-05-5423-01A-01D-1625-08	59	0	14	44	0	1	0	20	12	5
TCGA-05-5425-01A-02D-1625-08	44	251	13	162	30	29	13	17	26	2
TCGA-05-5428-01A-01D-1625-08	90	97	113	33	0	10	28	17	0	12
TCGA-05-5429-01A-01D-1625-08	2	2	5	0	1	0	0	19	0	5
TCGA-05-5715-01A-01D-1625-08	5	0	63	1	34	0	0	19	0	0
TCGA-17-Z000-01A-01W-0746-08	24	12	29	10	11	0	13	15	8	0
TCGA-17-Z001-01A-01W-0746-08	43	55	9	26	0	0	38	10	18	5
TCGA-17-Z002-01A-01W-0746-08	0	0	3	0	2	0	0	0	0	1
TCGA-17-Z003-01A-01W-0746-08	48	0	9	25	46	36	6	10	46	22
TCGA-17-Z004-01A-01W-0746-08	0	1	1	0	4	2	0	2	10	1
TCGA-17-Z007-01A-01W-0746-08	4	8	0	0	1	0	4	28	0	21
TCGA-17-Z009-01A-01W-0746-08	17	0	0	0	0	11	9	0	1	1
TCGA-17-Z011-01A-01W-0746-08	6	37	7	19	0	0	19	9	8	6
TCGA-17-Z013-01A-01W-0746-08	0	3	0	13	3	25	8	5	0	0
TCGA-17-Z015-01A-01W-0746-08	186	44	0	27	98	61	0	82	0	18
TCGA-17-Z017-01A-01W-0746-08	65	42	5	21	21	12	39	6	13	6
TCGA-17-Z018-01A-01W-0746-08	69	138	5	0	27	0	7	9	6	2
TCGA-17-Z019-01A-01W-0746-08	0	0	0	1	0	0	0	0	0	0
TCGA-17-Z020-01A-01W-0746-08	0	51	27	0	0	15	15	4	10	0
TCGA-17-Z021-01A-01W-0746-08	1	96	1	0	0	0	29	0	6	0
TCGA-17-Z022-01A-01W-0746-08	388	306	192	116	171	0	50	29	21	35
TCGA-17-Z023-01A-01W-0746-08	138	0	39	37	83	62	2	3	45	1
TCGA-17-Z025-01A-01W-0746-08	132	9	0	0	10	14	67	3	17	1
TCGA-17-Z026-01A-01W-0746-08	243	39	498	59	37	86	45	1	12	0
TCGA-17-Z027-01A-01W-0746-08	22	0	0	0	23	2	6	10	22	12
TCGA-17-Z028-01A-01W-0746-08	41	235	41	0	17	25	89	9	25	8
TCGA-17-Z030-01A-01W-0746-08	149	183	10	94	8	0	93	9	13	10
TCGA-17-Z031-01A-01W-0746-08	986	370	0	205	135	167	0	46	145	358
TCGA-17-Z032-01A-01W-0746-08	31	0	20	0	25	0	0	15	12	7
TCGA-17-Z033-01A-01W-0746-08	66	2	35	0	0	23	24	0	8	11
TCGA-17-Z036-01A-01W-0746-08	26	0	9	0	0	4	19	7	1	11
TCGA-17-Z037-01A-01W-0746-08	0	9	5	0	12	6	1	79	0	29
TCGA-17-Z041-01A-01W-0746-08	10	0	5	0	25	0	0	9	0	0
TCGA-17-Z042-01A-01W-0746-08	98	208	10	45	27	31	49	13	17	1
TCGA-17-Z043-01A-01W-0746-08	9	55	18	34	31	25	0	3	31	7
TCGA-17-Z044-01A-01W-0746-08	29	0	7	22	11	0	37	1	18	1
TCGA-17-Z045-01A-01W-0746-08	255	120	6	40	134	56	50	1	22	32
TCGA-17-Z047-01A-01W-0747-08	0	0	1	0	6	0	11	5	0	0
TCGA-17-Z048-01A-01W-0746-08	0	0	1	0	12	0	0	7	5	4
TCGA-17-Z049-01A-01W-0746-08	177	83	32	66	39	71	3	5	26	7
TCGA-17-Z050-01A-01W-0747-08	53	0	21	10	26	0	0	18	36	9
TCGA-17-Z051-01A-01W-0747-08	30	0	11	33	0	41	0	7	15	0
TCGA-17-Z052-01A-01W-0747-08	46	10	0	4	27	0	16	0	15	0
TCGA-17-Z053-01A-01W-0747-08	69	5	24	56	40	12	0	20	29	0
TCGA-17-Z054-01A-01W-0747-08	0	0	0	0	1	2	0	1	0	0
TCGA-17-Z055-01A-01W-0747-08	192	136	8	31	83	110	0	8	58	9
TCGA-17-Z056-01A-01W-0747-08	114	85	76	31	52	13	71	3	28	6
TCGA-17-Z057-01A-01W-0747-08	39	18	176	37	111	0	0	21	12	0
TCGA-17-Z058-01A-01W-0747-08	0	29	3	14	0	13	4	8	4	3
TCGA-17-Z059-01A-01W-0747-08	78	0	31	0	10	7	21	9	0	3
TCGA-17-Z061-01A-01W-0747-08	12	0	11	48	37	46	0	0	20	8
TCGA-17-Z062-01A-01W-0747-08	145	117	12	5	48	67	36	4	5	4
TCGA-35-4122-01A-01D-1105-08	23	63	35	57	49	0	39	11	47	6
TCGA-35-4123-01A-01D-1105-08	101	46	0	69	60	1	10	15	0	2
TCGA-35-5375-01A-01D-1625-08	79	95	28	42	23	27	58	22	43	23
TCGA-38-4625-01A-01D-1553-08	365	0	112	0	0	24	71	12	15	12
TCGA-38-4626-01A-01D-1553-08	88	32	5	13	7	69	0	0	0	4
TCGA-38-4627-01A-01D-1553-08	0	4	3	0	0	0	3	13	2	3
TCGA-38-4628-01A-01D-1265-08	0	28	16	9	2	8	36	22	5	0
TCGA-38-4629-01A-02D-1265-08	49	54	23	23	19	24	54	22	6	11
TCGA-38-4630-01A-01D-1265-08	3	15	55	3	0	15	0	28	0	6
TCGA-38-4631-01A-01D-1753-08	316	92	9	176	70	77	0	5	16	13
TCGA-38-4632-01A-01D-1753-08	173	90	25	25	0	0	155	4	37	17
TCGA-38-6178-01A-11D-1753-08	2	8	5	4	0	9	12	9	3	2
TCGA-38-7271-01A-11D-2036-08	15	0	17	9	8	5	0	0	0	0
TCGA-44-2655-01A-01D-1553-08	20	120	7	34	0	0	0	5	0	2
TCGA-44-2655-01A-01W-0928-08	11	135	9	24	0	0	7	5	3	1
TCGA-44-2656-01A-02D-0969-08	262	290	12	65	0	253	0	23	0	10
TCGA-44-2656-01A-02D-A271-08	198	308	2	90	0	219	0	16	0	0
TCGA-44-2656-01A-02W-0928-08	194	287	8	83	0	225	0	3	0	9
TCGA-44-2656-01A-12D-A27T-08	212	291	5	95	0	246	0	19	0	5
TCGA-44-2656-01A-41D-A27T-08	245	309	8	79	0	230	0	22	0	1
TCGA-44-2656-01B-06D-A271-08	169	303	18	72	0	186	3	6	0	0
TCGA-44-2657-01A-01D-1105-08	202	62	28	3	75	9	19	20	0	1
TCGA-44-2661-01A-01D-1105-08	0	0	4	9	0	1	9	6	8	6
TCGA-44-2662-01A-01D-0969-08	2	35	133	0	51	0	0	2	0	3
TCGA-44-2662-01A-01D-A271-08	2	32	110	5	66	0	0	0	0	2
TCGA-44-2662-01A-01W-0928-08	9	24	112	0	58	0	0	0	0	4
TCGA-44-2662-01B-02D-A271-08	0	29	110	5	32	0	0	1	6	7
TCGA-44-2665-01A-01D-1040-01	1	0	12	0	0	1	0	14	15	4
TCGA-44-2665-01A-01D-A271-08	2	0	13	0	0	2	0	14	14	3
TCGA-44-2665-01A-01W-0928-08	0	0	13	0	0	6	0	8	22	3
TCGA-44-2665-01B-06D-A271-08	2	0	14	0	0	2	0	11	19	4
TCGA-44-2666-01A-01D-1489-08	2	0	3	0	0	5	1	7	9	3
TCGA-44-2666-01A-01D-A271-08	0	0	2	0	0	8	3	7	5	2
TCGA-44-2666-01A-01W-0928-08	0	0	3	0	3	2	7	9	5	3
TCGA-44-2666-01A-21D-A27T-08	2	3	2	0	2	0	6	11	4	4
TCGA-44-2666-01A-41D-A27T-08	1	0	4	3	0	3	2	8	9	4
TCGA-44-2666-01B-02D-A271-08	2	0	2	0	0	2	5	8	1	5
TCGA-44-2668-01A-01D-0969-08	64	168	65	0	1	4	88	6	6	0
TCGA-44-2668-01A-01D-A271-08	44	174	58	0	0	0	84	3	0	0
TCGA-44-2668-01A-01W-0928-08	81	156	66	0	0	0	91	2	1	0
TCGA-44-2668-01B-02D-A271-08	59	75	32	0	14	2	54	0	0	0
TCGA-44-3396-01A-01D-1553-08	17	0	76	38	4	6	26	26	0	0
TCGA-44-3398-01A-01D-1105-08	48	43	48	0	0	15	0	13	24	0
TCGA-44-3917-01A-01D-A271-08	62	0	20	15	23	103	0	9	0	0
TCGA-44-3917-01B-02D-A271-08	59	0	21	15	33	100	0	11	0	0
TCGA-44-3918-01B-02D-A271-08	510	101	62	0	75	89	86	4	0	0
TCGA-44-3919-01A-02D-1105-08	0	5	3	0	0	2	9	1	13	0
TCGA-44-3919-01A-02D-1458-08	0	2	6	0	2	9	5	3	11	0
TCGA-44-4112-01A-01D-1105-08	111	173	17	40	66	0	0	20	3	0
TCGA-44-4112-01A-01D-1458-08	99	189	13	61	67	0	0	18	3	0
TCGA-44-4112-01A-22D-A27T-08	107	196	17	51	65	0	0	29	0	0
TCGA-44-4112-01A-31D-A27T-08	107	188	73	48	52	0	0	33	0	0
TCGA-44-4112-01B-06D-A271-08	98	133	14	20	71	0	0	13	0	0
TCGA-44-5643-01A-01D-1625-08	0	11	23	40	18	9	8	27	0	2
TCGA-44-5644-01A-21D-2036-08	474	0	38	118	119	159	10	50	5	23
TCGA-44-5645-01A-01D-1625-08	0	0	0	0	5	0	13	7	9	2
TCGA-44-5645-01A-01D-A271-08	0	0	0	0	8	0	12	6	8	2
TCGA-44-5645-01A-21D-A27T-08	0	0	0	0	10	0	13	8	7	2
TCGA-44-5645-01A-51D-A27T-08	0	0	0	0	9	0	12	9	6	2
TCGA-44-5645-01B-04D-A271-08	0	0	0	0	8	0	16	9	4	0
TCGA-44-6144-01A-11D-1753-08	31	72	20	56	0	3	4	16	18	16
TCGA-44-6145-01A-11D-1753-08	172	27	0	0	44	44	20	7	0	11
TCGA-44-6147-01A-11D-1753-08	48	30	14	42	0	0	35	9	0	9
TCGA-44-6147-01A-11D-A271-08	57	31	23	48	0	0	22	12	0	6
TCGA-44-6147-01A-21D-A27T-08	45	28	17	58	0	0	38	32	0	8
TCGA-44-6147-01A-31D-A27T-08	30	16	3	41	0	0	27	0	0	6
TCGA-44-6147-01B-06D-A271-08	38	25	7	26	0	0	42	8	0	5
TCGA-44-6774-01A-21D-1855-08	159	28	0	29	34	20	30	6	0	1
TCGA-44-6775-01A-11D-1855-08	3	11	4	11	0	0	1	5	24	1
TCGA-44-6775-01A-11D-A271-08	3	0	6	15	0	0	7	6	21	1
TCGA-44-6775-01A-21D-A27T-08	0	11	4	8	0	0	11	4	20	0
TCGA-44-6775-01A-31D-A27T-08	10	0	7	16	0	3	0	5	25	0
TCGA-44-6775-01C-02D-A271-08	3	0	3	14	0	0	4	5	26	0
TCGA-44-6776-01A-11D-1855-08	93	0	8	27	0	28	14	9	18	3
TCGA-44-6777-01A-11D-1855-08	43	159	69	13	0	10	31	23	24	0
TCGA-44-6778-01A-11D-1855-08	95	83	11	55	13	109	0	13	14	12
TCGA-44-6779-01A-11D-1855-08	13	0	5	34	0	1	14	27	0	7
TCGA-44-7659-01A-11D-2063-08	54	0	7	23	11	1	22	1	28	5
TCGA-44-7660-01A-11D-2063-08	69	31	18	60	96	26	0	12	48	1
TCGA-44-7661-01A-11D-2063-08	92	19	35	14	31	39	0	10	18	3
TCGA-44-7662-01A-11D-2063-08	147	114	49	124	56	9	29	10	26	20
TCGA-44-7667-01A-31D-2063-08	100	74	13	143	4	86	0	33	1	30
TCGA-44-7670-01A-11D-2063-08	370	340	121	41	85	52	63	26	0	38
TCGA-44-7671-01A-11D-2063-08	31	57	2	44	38	23	26	16	3	0
TCGA-44-7672-01A-11D-2063-08	63	19	2	0	15	0	54	5	4	0
TCGA-44-8117-01A-11D-2238-08	358	154	26	83	74	30	14	37	28	8
TCGA-44-8119-01A-11D-2238-08	138	225	14	66	0	0	114	42	53	14
TCGA-44-8120-01A-11D-2238-08	317	0	27	126	39	76	0	26	31	3
TCGA-44-A479-01A-31D-A24D-08	117	109	21	0	13	0	0	10	17	8
TCGA-44-A47A-01A-21D-A24D-08	26	0	47	28	88	7	0	20	0	0
TCGA-44-A47G-01A-21D-A24D-08	0	10	12	3	13	4	19	6	0	2
TCGA-44-A4SS-01A-11D-A24P-08	128	88	34	22	100	58	0	16	29	16
TCGA-44-A4SU-01A-11D-A24P-08	26	18	3	24	20	20	9	17	10	3
TCGA-49-4487-01A-21D-1855-08	129	22	47	15	73	62	0	2	2	0
TCGA-49-4488-01A-01D-1753-08	132	48	26	31	3	16	10	4	16	13
TCGA-49-4490-01A-21D-1855-08	0	0	7	1	15	1	1	8	6	1
TCGA-49-4494-01A-01D-1265-08	97	0	6	0	26	23	35	13	0	0
TCGA-49-4501-01A-01D-1265-08	0	0	8	0	0	6	11	15	2	4
TCGA-49-4505-01A-01D-1931-08	72	10	13	47	19	21	0	28	5	7
TCGA-49-4506-01A-01D-1265-08	53	0	5	2	0	0	20	8	23	5
TCGA-49-4510-01A-01D-1265-08	10	10	5	0	0	0	7	1	14	0
TCGA-49-4512-01A-21D-1855-08	2	5	4	0	0	0	8	11	0	6
TCGA-49-4514-01A-21D-1855-08	64	74	99	0	5	0	78	20	0	0
TCGA-49-6743-01A-11D-1855-08	233	0	204	0	0	134	89	12	77	26
TCGA-49-6744-01A-11D-1855-08	99	0	4	43	10	7	47	2	1	0
TCGA-49-6745-01A-11D-1855-08	0	0	64	0	0	13	17	21	11	3
TCGA-49-6761-01A-31D-1945-08	27	2	68	7	0	45	8	9	8	13
TCGA-49-AAQV-01A-11D-A397-08	0	0	26	13	6	4	0	5	7	0
TCGA-49-AAR0-01A-21D-A397-08	34	0	14	33	10	0	8	18	5	14
TCGA-49-AAR3-01A-11D-A410-08	43	0	14	6	8	14	14	1	20	3
TCGA-49-AAR4-01A-12D-A410-08	207	71	91	23	35	53	68	3	13	9
TCGA-49-AAR9-01A-21D-A410-08	348	0	2	107	30	38	136	24	0	0
TCGA-49-AARE-01A-11D-A410-08	604	128	83	159	0	148	0	28	100	30
TCGA-49-AARN-01A-21D-A410-08	162	26	75	40	0	39	14	0	25	411
TCGA-49-AARO-01A-12D-A410-08	263	217	16	16	67	0	43	0	0	4
TCGA-49-AARQ-01A-11D-A410-08	313	103	68	100	55	0	96	15	7	0
TCGA-49-AARR-01A-11D-A410-08	1	0	0	0	0	0	0	0	0	0
TCGA-4B-A93V-01A-11D-A397-08	27	37	8	12	12	17	10	7	6	7
TCGA-50-5044-01A-21D-1855-08	0	0	85	0	40	0	0	3	2	0
TCGA-50-5045-01A-01D-1625-08	200	8	16	20	0	0	18	2	22	0
TCGA-50-5051-01A-21D-1855-08	43	0	4	26	15	3	0	12	13	0
TCGA-50-5055-01A-01D-1625-08	0	0	0	0	4	1	0	2	3	0
TCGA-50-5066-01A-01D-1625-08	44	94	15	32	32	9	24	1	4	17
TCGA-50-5066-02A-11D-2107-08	18	140	9	45	55	38	42	10	0	29
TCGA-50-5068-01A-01D-1625-08	20	0	6	8	16	17	0	20	4	0
TCGA-50-5072-01A-21D-1855-08	47	22	16	6	0	3	36	8	21	7
TCGA-50-5930-01A-11D-1753-08	397	423	0	166	0	34	75	20	39	13
TCGA-50-5931-01A-11D-1753-08	66	82	14	51	42	5	18	9	35	0
TCGA-50-5932-01A-11D-1753-08	34	0	1	3	0	38	0	2	0	0
TCGA-50-5935-01A-11D-1753-08	0	0	48	0	23	4	0	7	12	0
TCGA-50-5939-01A-11D-1625-08	0	7	18	5	0	0	10	10	16	7
TCGA-50-5941-01A-11D-1753-08	128	39	15	51	67	23	33	8	15	1
TCGA-50-5942-01A-21D-1753-08	15	7	0	0	11	0	14	2	1	6
TCGA-50-5946-01A-11D-1753-08	292	42	124	5	128	8	32	37	27	0
TCGA-50-5946-02A-11D-2107-08	334	0	142	5	125	1	64	35	34	0
TCGA-50-6590-01A-12D-1855-08	246	247	143	19	131	32	63	4	15	3
TCGA-50-6591-01A-11D-1753-08	0	0	3	0	0	13	21	6	0	7
TCGA-50-6592-01A-11D-1753-08	32	7	46	62	28	85	14	14	2	10
TCGA-50-6593-01A-11D-1753-08	149	0	11	10	12	42	42	7	37	13
TCGA-50-6594-01A-11D-1753-08	152	144	43	100	13	71	0	8	10	6
TCGA-50-6595-01A-12D-1855-08	0	10	21	0	0	9	28	2	5	5
TCGA-50-6597-01A-11D-1855-08	0	0	18	0	0	17	0	11	0	8
TCGA-50-6673-01A-11D-1945-08	0	0	5	6	7	0	5	14	12	2
TCGA-50-7109-01A-11D-2036-08	97	17	0	16	45	5	37	18	13	3
TCGA-50-8457-01A-11D-2323-08	0	17	1	4	22	2	0	7	0	2
TCGA-50-8460-01A-11D-2323-08	2	0	4	5	0	0	3	9	0	6
TCGA-53-7624-01A-11D-2063-08	287	38	139	57	81	123	46	28	37	7
TCGA-53-7626-01A-12D-2063-08	152	84	29	0	71	0	0	1	27	1
TCGA-53-7813-01A-11D-2167-08	6	73	0	18	0	41	0	14	4	0
TCGA-55-1592-01A-01D-0969-08	36	99	40	95	91	35	55	6	74	17
TCGA-55-1592-01A-01W-0928-08	43	99	35	57	103	18	81	8	71	7
TCGA-55-1594-01A-01D-1040-01	32	3	59	0	3	23	15	17	0	7
TCGA-55-1594-01A-01W-0928-08	22	2	58	14	19	16	1	10	5	6
TCGA-55-1595-01A-01D-0969-08	116	21	7	80	33	46	7	11	11	2
TCGA-55-1596-01A-01D-1040-01	0	53	1	38	53	9	5	9	26	4
TCGA-55-1596-01A-01W-0928-08	0	56	0	29	60	16	6	6	19	0
TCGA-55-5899-01A-11D-1625-08	175	37	107	29	0	62	33	14	12	5
TCGA-55-6543-01A-11D-1753-08	0	0	1	1	1	2	2	14	0	1
TCGA-55-6642-01A-11D-1855-08	29	52	5	0	0	0	20	5	12	5
TCGA-55-6712-01A-11D-1855-08	16	0	61	0	38	0	13	9	0	0
TCGA-55-6968-01A-11D-1945-08	0	90	313	35	86	0	0	3	0	0
TCGA-55-6969-01A-11D-1945-08	113	92	0	0	45	0	112	0	29	20
TCGA-55-6971-01A-11D-1945-08	18	1	3	3	17	32	1	0	5	4
TCGA-55-6972-01A-11D-1945-08	60	0	116	0	0	0	67	7	6	20
TCGA-55-6975-01A-11D-1945-08	14	0	7	5	14	12	0	12	3	4
TCGA-55-6978-01A-11D-1945-08	0	0	0	0	4	0	8	5	6	4
TCGA-55-6979-01A-11D-1945-08	24	0	18	24	48	0	0	0	0	0
TCGA-55-6980-01A-11D-1945-08	0	0	0	1	3	0	5	2	0	0
TCGA-55-6981-01A-11D-1945-08	0	0	4	0	11	0	17	14	3	0
TCGA-55-6982-01A-11D-1945-08	7	5	159	3	24	0	0	11	12	0
TCGA-55-6984-01A-11D-1945-08	0	0	0	0	1	6	7	2	4	0
TCGA-55-6985-01A-11D-1945-08	171	118	0	0	48	62	25	15	19	0
TCGA-55-6986-01A-11D-1945-08	0	0	1	0	0	5	0	4	8	0
TCGA-55-6987-01A-11D-1945-08	17	43	45	0	59	13	0	6	0	0
TCGA-55-7281-01A-11D-2036-08	138	25	32	104	35	68	34	7	15	4
TCGA-55-7283-01A-11D-2036-08	31	24	38	40	22	15	10	38	0	10
TCGA-55-7284-01B-11D-2238-08	0	0	0	0	3	0	19	17	0	4
TCGA-55-7570-01A-11D-2036-08	86	0	60	34	137	50	0	2	24	0
TCGA-55-7573-01A-11D-2036-08	6	0	5	12	1	18	4	0	4	1
TCGA-55-7574-01A-11D-2036-08	0	45	87	7	75	18	0	1	0	0
TCGA-55-7576-01A-11D-2063-08	121	0	19	109	9	85	1	22	21	9
TCGA-55-7724-01A-11D-2167-08	11	28	24	6	22	0	45	20	48	7
TCGA-55-7725-01A-11D-2167-08	65	0	1	13	20	0	16	8	13	5
TCGA-55-7726-01A-11D-2167-08	1	1	52	0	44	0	0	17	0	0
TCGA-55-7727-01A-11D-2167-08	29	42	85	52	9	0	20	15	2	11
TCGA-55-7903-01A-11D-2167-08	12	42	18	29	0	11	0	24	16	4
TCGA-55-7907-01A-11D-2167-08	434	248	174	136	119	0	82	23	15	0
TCGA-55-7910-01A-11D-2167-08	110	70	4	33	0	62	17	27	0	0
TCGA-55-7911-01A-11D-2167-08	63	0	16	72	23	33	20	11	4	1
TCGA-55-7913-01B-11D-2238-08	23	154	30	89	0	0	13	21	18	6
TCGA-55-7914-01A-11D-2167-08	70	0	22	0	1	11	26	24	28	0
TCGA-55-7994-01A-11D-2184-08	637	189	65	258	112	236	0	56	71	12
TCGA-55-7995-01A-11D-2184-08	175	152	78	36	73	46	79	3	34	26
TCGA-55-8085-01A-11D-2238-08	74	0	117	0	0	39	24	23	7	2
TCGA-55-8087-01A-11D-2238-08	0	0	6	0	0	0	9	11	1	0
TCGA-55-8089-01A-11D-2238-08	295	281	347	144	57	36	114	22	5	4
TCGA-55-8090-01A-11D-2238-08	3	19	0	32	0	13	7	5	12	1
TCGA-55-8091-01A-11D-2238-08	1	0	1	0	0	1	0	17	1	0
TCGA-55-8092-01A-11D-2238-08	179	57	125	38	0	24	83	48	23	25
TCGA-55-8094-01A-11D-2238-08	184	96	10	41	4	0	63	17	30	32
TCGA-55-8096-01A-11D-2238-08	53	0	3	5	24	14	34	14	0	3
TCGA-55-8097-01A-11D-2238-08	16	14	9	11	0	29	0	33	0	1
TCGA-55-8203-01A-11D-2238-08	156	102	0	66	30	66	0	30	2	0
TCGA-55-8204-01A-11D-2238-08	17	9	63	32	84	9	0	17	0	1
TCGA-55-8206-01A-11D-2238-08	3	2	4	0	0	3	0	9	1	4
TCGA-55-8208-01A-11D-2238-08	0	30	137	32	47	65	0	5	22	0
TCGA-55-8299-01A-11D-2284-08	67	0	8	16	25	58	0	0	9	7
TCGA-55-8301-01A-11D-2284-08	70	55	22	37	23	15	33	8	24	7
TCGA-55-8506-01A-11D-2393-08	506	330	13	212	0	73	0	450	153	23
TCGA-55-8507-01A-11D-2393-08	306	378	20	67	20	83	71	38	32	19
TCGA-55-8510-01A-11D-2393-08	72	79	15	79	48	3	19	8	0	1
TCGA-55-8511-01A-11D-2393-08	266	21	64	1	34	31	94	22	22	29
TCGA-55-8512-01A-11D-2393-08	4	0	4	9	0	12	7	0	4	0
TCGA-55-8514-01A-11D-2393-08	105	9	5	63	6	37	42	29	0	0
TCGA-55-8614-01A-11D-2393-08	13	0	18	60	70	20	11	44	11	0
TCGA-55-8615-01A-11D-2393-08	34	0	0	3	41	0	31	7	3	8
TCGA-55-8616-01A-11D-2393-08	198	126	5	69	48	41	0	36	0	0
TCGA-55-8620-01A-11D-2393-08	215	0	20	53	4	129	32	35	26	8
TCGA-55-8621-01A-11D-2393-08	22	0	3	0	8	11	0	4	5	0
TCGA-55-A48X-01A-11D-A24D-08	213	8	22	0	5	18	107	1	14	0
TCGA-55-A48Y-01A-11D-A24D-08	0	0	303	3	32	6	0	24	0	0
TCGA-55-A48Z-01A-12D-A24P-08	9	0	3	2	8	11	0	12	7	5
TCGA-55-A490-01A-11D-A24D-08	675	106	90	230	110	91	0	33	21	15
TCGA-55-A491-01A-11D-A24D-08	158	57	25	22	11	0	46	17	47	12
TCGA-55-A492-01A-11D-A24D-08	46	86	13	72	0	0	17	11	38	7
TCGA-55-A493-01A-11D-A24D-08	80	25	64	10	0	1	43	15	21	9
TCGA-55-A494-01A-11D-A24P-08	75	23	10	37	9	42	0	43	0	9
TCGA-55-A4DF-01A-11D-A24D-08	15	81	500	84	112	0	10	37	0	0
TCGA-55-A4DG-01A-11D-A24D-08	271	149	0	71	131	70	0	26	5	0
TCGA-55-A57B-01A-12D-A397-08	0	5	6	0	0	1	7	14	3	1
TCGA-62-8394-01A-11D-2323-08	0	4	32	27	42	4	0	17	0	11
TCGA-62-8395-01A-11D-2323-08	0	0	11	5	31	0	2	24	0	0
TCGA-62-8397-01A-11D-2323-08	0	7	2	0	0	5	0	7	1	3
TCGA-62-8398-01A-11D-2323-08	24	0	10	13	0	8	0	9	13	7
TCGA-62-8399-01A-21D-2323-08	133	66	179	7	90	30	0	42	0	2
TCGA-62-8402-01A-11D-2323-08	0	0	4	6	14	0	13	15	1	4
TCGA-62-A46O-01A-11D-A24D-08	183	290	142	134	31	5	61	33	46	10
TCGA-62-A46P-01A-11D-A24D-08	61	119	1	66	0	0	0	26	11	0
TCGA-62-A46R-01A-11D-A24D-08	27	22	26	27	0	27	0	20	15	8
TCGA-62-A46S-01A-11D-A24D-08	48	0	13	0	0	14	20	18	1	12
TCGA-62-A46U-01A-11D-A24D-08	5	0	8	1	0	7	13	10	0	0
TCGA-62-A46V-01A-11D-A24D-08	0	6	7	0	0	13	7	17	1	6
TCGA-62-A46Y-01A-11D-A24D-08	3	0	0	0	4	0	8	10	0	7
TCGA-62-A471-01A-12D-A24D-08	0	2	59	4	0	17	0	13	22	6
TCGA-62-A472-01A-11D-A24D-08	0	1	4	20	0	0	14	8	5	5
TCGA-64-1676-01A-01D-0969-08	206	117	6	141	34	58	38	16	8	4
TCGA-64-1676-01A-01W-0928-08	192	121	8	144	25	36	54	15	8	2
TCGA-64-1677-01A-01W-0928-08	24	0	65	41	58	0	0	17	9	0
TCGA-64-1678-01A-01W-0928-08	180	107	31	43	6	0	48	8	1	13
TCGA-64-1679-01A-21D-2063-08	233	49	19	62	90	17	46	9	0	2
TCGA-64-1680-01A-02D-0969-08	0	0	14	0	9	5	9	15	0	0
TCGA-64-1680-01A-02W-0928-08	3	0	12	0	0	11	4	12	0	4
TCGA-64-1681-01A-11D-2063-08	0	0	11	4	14	9	1	5	0	21
TCGA-64-5774-01A-01D-1625-08	51	21	4	27	3	17	0	13	8	0
TCGA-64-5775-01A-01D-1625-08	205	93	14	79	27	0	53	29	2	4
TCGA-64-5778-01A-01D-1625-08	167	97	28	80	0	7	52	14	35	6
TCGA-64-5781-01A-01D-1625-08	397	92	125	179	0	125	183	18	16	17
TCGA-64-5815-01A-01D-1625-08	67	6	0	17	11	39	21	20	0	0
TCGA-67-3770-01A-01D-0969-08	102	0	6	20	0	22	23	11	45	4
TCGA-67-3770-01A-01W-0928-08	102	0	7	14	7	27	14	13	41	1
TCGA-67-3771-01A-01D-1040-01	101	215	281	204	188	61	1	35	46	8
TCGA-67-3771-01A-01W-0928-08	109	178	277	190	207	75	59	30	37	19
TCGA-67-3773-01A-01D-1040-01	37	0	3	27	6	0	6	13	5	5
TCGA-67-3774-01A-01D-1040-01	35	0	6	0	1	18	42	5	10	1
TCGA-67-3774-01A-01W-0928-08	28	0	1	0	2	19	40	2	11	0
TCGA-67-4679-01B-01D-1753-08	119	0	6	44	0	48	55	13	0	7
TCGA-67-6215-01A-11D-1753-08	0	0	0	0	0	0	0	1	9	99
TCGA-67-6216-01A-11D-1753-08	0	0	7	0	6	0	10	2	0	1
TCGA-67-6217-01A-11D-1753-08	80	34	5	0	1	27	15	9	10	11
TCGA-69-7760-01A-11D-2167-08	5	13	5	1	0	0	0	16	16	15
TCGA-69-7764-01A-11D-2167-08	11	2	8	19	0	0	7	13	31	0
TCGA-69-7765-01A-11D-2167-08	163	201	50	97	0	59	51	0	15	4
TCGA-69-7973-01A-11D-2184-08	171	0	8	0	26	0	31	22	5	2
TCGA-69-7974-01A-11D-2184-08	242	0	12	44	143	43	5	32	1	6
TCGA-69-7978-01A-11D-2184-08	235	6	144	0	139	66	0	26	0	0
TCGA-69-8253-01A-11D-2284-08	43	0	18	54	0	0	30	12	4	6
TCGA-69-8254-01A-11D-2284-08	11	0	1	0	16	3	24	15	0	5
TCGA-69-8255-01A-11D-2284-08	2	70	31	82	0	0	65	18	15	17
TCGA-69-A59K-01A-11D-A25L-08	241	114	47	10	0	0	41	36	17	2
TCGA-71-6725-01A-11D-1855-08	2	0	5	1	0	0	19	25	5	0
TCGA-71-8520-01A-11D-2393-08	0	25	15	0	0	0	2	28	17	5
TCGA-73-4658-01A-01D-1753-08	57	44	125	17	0	60	0	6	7	16
TCGA-73-4659-01A-01D-1265-08	88	0	4	0	18	56	43	10	0	3
TCGA-73-4662-01A-01D-1265-08	62	0	14	60	4	65	0	7	1	0
TCGA-73-4670-01A-01D-1265-08	136	2	12	44	0	23	68	13	34	34
TCGA-73-4675-01A-01D-1265-08	0	3	2	15	12	6	0	12	14	5
TCGA-73-4676-01A-01D-1753-08	20	0	1	1	9	0	29	11	19	8
TCGA-73-4677-01A-01D-1265-08	71	71	10	11	37	31	3	17	4	10
TCGA-73-7498-01A-12D-2184-08	20	0	0	36	11	29	0	14	0	7
TCGA-75-5122-01A-01D-1753-08	4	26	15	23	34	2	10	15	5	0
TCGA-75-5125-01A-01D-1753-08	7	43	31	15	39	0	0	15	8	6
TCGA-75-5126-01A-01D-1753-08	192	120	136	4	116	30	0	20	0	4
TCGA-75-5146-01A-01D-1625-08	91	0	7	41	35	6	0	3	5	5
TCGA-75-5147-01A-01D-1625-08	0	0	7	0	17	0	0	8	0	4
TCGA-75-6203-01A-11D-1753-08	0	2	0	0	1	1	0	9	0	0
TCGA-75-6205-01A-11D-1753-08	0	0	1	0	11	9	12	2	3	5
TCGA-75-6206-01A-11D-1753-08	21	0	7	9	0	13	32	0	10	0
TCGA-75-6207-01A-11D-1753-08	8	0	11	0	17	0	5	8	9	0
TCGA-75-6211-01A-11D-1753-08	130	91	13	14	11	40	58	13	20	2
TCGA-75-6214-01A-41D-1945-08	245	31	148	24	60	55	133	16	23	0
TCGA-75-7025-01A-12D-1945-08	0	0	8	0	0	0	1	14	5	2
TCGA-75-7027-01A-11D-1945-08	58	34	4	45	34	52	0	15	3	5
TCGA-75-7030-01A-11D-1945-08	2	0	0	0	2	0	0	3	0	1
TCGA-78-7145-01A-11D-2036-08	93	0	7	0	10	6	65	11	5	0
TCGA-78-7146-01A-11D-2036-08	62	82	82	76	13	0	28	33	0	6
TCGA-78-7147-01A-11D-2036-08	27	106	47	26	3	31	69	15	27	12
TCGA-78-7148-01A-11D-2036-08	63	0	9	51	0	47	0	2	37	11
TCGA-78-7149-01A-11D-2036-08	9	11	68	31	3	0	1	11	13	1
TCGA-78-7150-01A-21D-2036-08	65	41	132	0	38	34	81	26	3	15
TCGA-78-7152-01A-11D-2036-08	43	0	70	8	45	30	0	6	2	2
TCGA-78-7153-01A-11D-2036-08	5	8	19	0	30	13	0	12	11	6
TCGA-78-7154-01A-11D-2036-08	28	0	96	14	50	12	0	37	19	10
TCGA-78-7155-01A-11D-2036-08	418	546	87	185	141	0	51	39	69	44
TCGA-78-7160-01A-11D-2036-08	0	0	3	2	12	0	7	2	15	0
TCGA-78-7161-01A-11D-2036-08	40	41	10	65	0	0	0	18	14	10
TCGA-78-7162-01A-21D-2063-08	0	11	11	26	20	10	0	4	2	3
TCGA-78-7163-01A-12D-2063-08	0	0	0	0	0	7	2	6	0	4
TCGA-78-7166-01A-12D-2063-08	97	71	3	16	0	0	23	6	10	14
TCGA-78-7167-01A-11D-2063-08	17	8	28	0	0	23	1	16	3	4
TCGA-78-7220-01A-11D-2036-08	53	309	98	260	0	58	40	16	23	32
TCGA-78-7535-01A-11D-2063-08	55	0	0	41	27	2	3	6	17	33
TCGA-78-7536-01A-11D-2063-08	315	0	8	63	68	83	25	19	35	37
TCGA-78-7539-01A-11D-2063-08	84	0	228	0	172	0	0	31	0	0
TCGA-78-7540-01A-11D-2063-08	0	0	0	0	0	18	0	12	0	0
TCGA-78-7542-01A-21D-2063-08	215	0	32	15	0	51	22	22	8	20
TCGA-78-7633-01A-11D-2063-08	21	0	3	55	2	0	21	3	4	0
TCGA-78-8640-01A-11D-2393-08	148	194	100	14	101	53	34	40	41	32
TCGA-78-8648-01A-11D-2393-08	1	0	0	0	0	0	6	0	0	0
TCGA-78-8655-01A-11D-2393-08	28	0	3	12	13	8	18	11	8	4
TCGA-78-8662-01A-11D-2393-08	324	313	61	158	130	0	120	28	60	32
TCGA-80-5607-01A-31D-1945-08	0	0	104	0	20	0	0	5	2	0
TCGA-80-5608-01A-31D-1945-08	59	32	8	23	13	6	21	18	0	0
TCGA-80-5611-01A-01D-1625-08	10	52	3	0	7	0	65	6	42	13
TCGA-83-5908-01A-21D-2284-08	61	4	66	19	75	8	0	12	0	0
TCGA-86-6562-01A-11D-1753-08	3	0	9	2	21	2	0	11	0	5
TCGA-86-6851-01A-11D-1945-08	287	118	68	172	172	59	0	0	42	0
TCGA-86-7701-01A-11D-2167-08	102	0	2	20	13	0	25	12	25	5
TCGA-86-7711-01A-11D-2063-08	0	75	37	26	34	0	20	14	16	9
TCGA-86-7713-01A-11D-2063-08	30	0	4	61	0	42	10	8	0	5
TCGA-86-7954-01A-11D-2184-08	40	15	29	38	22	0	30	27	15	4
TCGA-86-7955-01A-11D-2184-08	70	38	25	69	34	0	54	20	1	17
TCGA-86-8055-01A-11D-2238-08	0	0	4	0	5	1	14	13	0	7
TCGA-86-8056-01A-11D-2238-08	0	35	148	54	0	0	23	20	2	5
TCGA-86-8073-01A-11D-2238-08	805	141	96	127	17	120	138	16	80	13
TCGA-86-8074-01A-11D-2238-08	1	0	4	4	4	28	1	9	0	20
TCGA-86-8075-01A-11D-2238-08	0	1	3	0	4	6	0	18	8	2
TCGA-86-8076-01A-31D-2238-08	0	0	21	12	2	19	0	8	5	0
TCGA-86-8279-01A-11D-2284-08	196	189	12	0	27	0	51	14	44	10
TCGA-86-8280-01A-11D-2284-08	0	0	1	0	0	1	31	7	8	0
TCGA-86-8281-01A-11D-2284-08	21	103	19	70	15	0	0	22	17	0
TCGA-86-8359-01A-11D-2323-08	66	9	8	21	5	30	7	18	1	5
TCGA-86-8585-01A-11D-2393-08	122	160	78	67	110	15	0	16	19	7
TCGA-86-8668-01A-11D-2393-08	0	2	3	0	12	0	0	11	1	2
TCGA-86-8671-01A-11D-2393-08	1	0	2	0	10	0	11	5	0	4
TCGA-86-8672-01A-21D-2393-08	108	4	35	64	0	30	39	18	4	13
TCGA-86-8673-01A-11D-2393-08	127	81	23	61	59	18	76	10	28	6
TCGA-86-8674-01A-21D-2393-08	129	45	34	30	0	20	31	4	1	10
TCGA-86-A456-01A-11D-A24D-08	125	76	29	55	11	14	0	14	34	6
TCGA-86-A4JF-01A-11D-A24P-08	161	141	107	37	0	0	0	329	514	33
TCGA-86-A4P7-01A-11D-A24P-08	0	0	20	1	18	16	0	5	0	0
TCGA-91-6828-01A-11D-1855-08	136	0	21	9	26	51	15	14	0	4
TCGA-91-6829-01A-21D-1855-08	172	44	36	133	76	103	29	5	45	21
TCGA-91-6830-01A-11D-1945-08	13	0	160	0	36	0	0	3	10	0
TCGA-91-6831-01A-11D-1855-08	54	61	6	0	46	45	24	3	37	1
TCGA-91-6835-01A-11D-1855-08	9	0	14	0	9	29	0	6	10	1
TCGA-91-6836-01A-21D-1855-08	63	174	16	107	0	38	38	18	15	1
TCGA-91-6840-01A-11D-1945-08	0	9	62	0	29	7	0	14	3	0
TCGA-91-6847-01A-11D-1945-08	6	0	12	0	5	3	21	23	4	0
TCGA-91-6848-01A-11D-1945-08	184	61	78	0	86	110	29	2	53	0
TCGA-91-6849-01A-11D-1945-08	44	0	7	0	1	23	23	5	9	5
TCGA-91-7771-01A-11D-2167-08	16	0	19	76	21	26	5	7	18	6
TCGA-91-A4BC-01A-11D-A24D-08	86	170	13	64	4	67	24	14	0	13
TCGA-91-A4BD-01A-11D-A24D-08	0	0	5	0	0	0	0	8	10	0
TCGA-93-7347-01A-11D-2184-08	43	0	9	31	5	9	11	3	11	0
TCGA-93-7348-01A-21D-2036-08	0	36	14	10	0	0	17	17	13	5
TCGA-93-8067-01A-11D-2284-08	49	0	429	0	0	32	12	27	3	0
TCGA-93-8067-01C-01D-A38P-08	34	0	218	0	0	9	0	6	15	4
TCGA-93-8067-01D-01D-A38P-08	35	0	135	0	0	0	0	5	8	6
TCGA-93-A4JO-01A-21D-A24P-08	0	2	6	2	20	7	0	0	6	7
TCGA-93-A4JP-01A-11D-A24P-08	0	16	17	0	0	0	11	6	0	5
TCGA-93-A4JP-01D-01D-A38P-08	0	34	34	0	0	0	10	31	0	7
TCGA-93-A4JP-01E-01D-A38P-08	0	39	32	0	0	2	2	21	4	4
TCGA-95-7039-01A-11D-1945-08	433	259	48	180	61	122	44	31	73	41
TCGA-95-7043-01A-11D-1945-08	430	242	40	159	86	42	86	52	0	0
TCGA-95-7562-01A-11D-2238-08	144	140	3	47	26	21	0	20	0	0
TCGA-95-7567-01A-11D-2063-08	93	221	3	27	0	0	0	175	387	33
TCGA-95-7944-01A-11D-2184-08	0	3	180	8	51	0	11	10	0	0
TCGA-95-7947-01A-11D-2184-08	21	116	203	47	4	32	72	16	57	9
TCGA-95-7948-01A-11D-2184-08	0	0	122	0	8	0	0	14	0	0
TCGA-95-8494-01A-11D-2323-08	5	4	65	0	0	0	1	31	0	6
TCGA-95-A4VK-01A-11D-A25L-08	117	30	7	15	0	0	72	21	11	1
TCGA-95-A4VN-01A-11D-A25L-08	161	95	29	73	12	32	54	6	16	4
TCGA-97-7547-01A-11D-2036-08	36	25	39	0	19	43	0	13	0	0
TCGA-97-7552-01A-11D-2036-08	0	0	0	0	0	12	0	10	3	6
TCGA-97-7553-01A-21D-2036-08	0	14	2	0	0	0	14	15	0	0
TCGA-97-7554-01A-11D-2036-08	146	50	18	86	0	91	0	12	41	7
TCGA-97-7938-01A-11D-2167-08	190	50	41	35	51	6	5	19	21	0
TCGA-97-8171-01A-11D-2284-08	3	0	1	0	11	19	0	19	2	0
TCGA-97-8174-01A-11D-2284-08	13	69	14	17	30	2	0	24	0	0
TCGA-97-8175-01A-11D-2284-08	1	0	3	0	0	9	14	2	0	1
TCGA-97-8177-01A-11D-2284-08	0	0	3	3	0	4	13	5	3	3
TCGA-97-8552-01A-11D-2393-08	0	0	0	0	0	0	19	4	0	0
TCGA-97-A4LX-01A-11D-A24P-08	90	0	2	16	35	18	0	1	19	6
TCGA-97-A4M0-01A-11D-A24P-08	38	176	60	67	28	0	0	2	30	5
TCGA-97-A4M1-01A-11D-A24P-08	6	0	10	1	5	4	0	15	0	2
TCGA-97-A4M3-01A-11D-A24P-08	95	26	30	0	0	7	29	8	20	3
TCGA-97-A4M6-01A-11D-A24P-08	2	0	3	0	7	2	0	6	10	3
TCGA-97-A4M7-01A-11D-A24P-08	123	93	10	35	0	31	0	8	16	0
TCGA-99-7458-01A-11D-2036-08	223	0	14	67	0	87	37	13	57	0
TCGA-99-8025-01A-11D-2238-08	28	137	132	92	27	27	0	41	29	3
TCGA-99-8028-01A-11D-2238-08	158	132	0	0	28	40	0	0	35	8
TCGA-99-8033-01A-11D-2238-08	12	65	7	36	12	7	10	13	16	0
TCGA-99-AA5R-01A-11D-A397-08	2	21	1	3	0	8	7	0	0	0
TCGA-J2-8192-01A-11D-2238-08	0	6	10	0	0	17	20	19	2	0
TCGA-J2-8194-01A-11D-2238-08	35	0	6	29	14	46	0	21	1	6
TCGA-J2-A4AD-01A-11D-A24D-08	49	25	111	0	130	0	0	16	8	6
TCGA-J2-A4AE-01A-21D-A24D-08	0	0	13	1	11	11	0	15	5	0
TCGA-J2-A4AG-01A-11D-A24D-08	26	0	5	15	0	1	11	6	16	1
TCGA-L4-A4E5-01A-11D-A24P-08	130	78	10	74	0	0	33	14	11	13
TCGA-L4-A4E6-01A-11D-A24D-08	3	0	1	0	4	0	0	0	0	0
TCGA-L9-A443-01A-12D-A24D-08	89	0	12	75	5	47	2	5	15	5
TCGA-L9-A50W-01A-12D-A397-08	0	5	8	0	0	0	10	1	4	5
TCGA-L9-A5IP-01A-21D-A397-08	143	26	18	14	0	34	37	7	21	2
TCGA-L9-A743-01A-43D-A397-08	0	58	46	1	0	5	0	3	7	1
TCGA-L9-A7SV-01A-11D-A397-08	839	449	33	299	42	0	0	39	28	8
TCGA-L9-A8F4-01A-11D-A397-08	356	53	28	35	194	0	109	19	0	26
TCGA-MN-A4N1-01A-11D-A24P-08	205	0	19	71	64	60	13	32	0	8
TCGA-MN-A4N4-01A-12D-A24P-08	532	213	335	102	6	168	65	25	60	22
TCGA-MN-A4N5-01A-11D-A24P-08	182	66	44	61	0	46	10	11	45	11
TCGA-MP-A4SV-01A-11D-A24P-08	0	155	101	0	72	0	12	13	0	0
TCGA-MP-A4SW-01A-21D-A24P-08	5	0	12	4	0	13	5	27	0	1
TCGA-MP-A4T2-01A-11D-A24P-08	2	12	22	6	7	0	13	5	21	0
TCGA-MP-A4T4-01A-11D-A25L-08	191	17	26	12	23	82	0	13	26	11
TCGA-MP-A4T6-01A-32D-A25L-08	0	3	19	0	10	0	19	17	9	1
TCGA-MP-A4T7-01A-11D-A24P-08	43	25	3	35	0	17	0	14	0	4
TCGA-MP-A4T8-01A-11D-A24P-08	45	0	8	15	0	4	14	9	15	4
TCGA-MP-A4T9-01A-11D-A24P-08	0	1	4	0	7	18	0	4	0	1
TCGA-MP-A4TA-01A-21D-A24P-08	143	15	17	15	32	0	67	15	60	6
TCGA-MP-A4TC-01A-11D-A24P-08	115	0	27	60	0	30	4	6	29	0
TCGA-MP-A4TD-01A-32D-A25L-08	0	24	2	26	9	10	0	9	4	0
TCGA-MP-A4TE-01A-22D-A25L-08	36	8	0	27	16	1	12	40	0	4
TCGA-MP-A4TF-01A-11D-A25L-08	228	0	22	2	6	86	44	13	22	12
TCGA-MP-A4TH-01A-31D-A25L-08	15	17	1	19	5	0	24	11	17	4
TCGA-MP-A4TK-01A-11D-A24P-08	144	0	48	80	0	68	0	7	16	4
TCGA-NJ-A4YF-01A-12D-A25L-08	249	133	13	76	52	8	101	6	4	3
TCGA-NJ-A4YP-01A-11D-A25L-08	62	30	366	14	0	0	89	1	0	26
TCGA-NJ-A4YQ-01A-11D-A25L-08	485	104	17	242	24	142	0	12	102	16
TCGA-NJ-A55R-01A-11D-A25L-08	76	87	10	0	0	35	39	2	33	1
TCGA-NJ-A7XG-01A-12D-A397-08	3	0	0	6	3	7	0	14	0	0
TCGA-O1-A52J-01A-11D-A25L-08	77	0	4	47	28	0	7	15	10	0
TCGA-S2-AA1A-01A-12D-A397-08	60	0	1	19	4	3	26	5	10	0
