MutationType	SBS96A	SBS96B	SBS96C	SBS96D	SBS96E	SBS96F	SBS96G	SBS96H	SBS96I	SBS96J
A[C>A]A	0.03355606116369927	0.03351720655336976	0.0015668625248508761	0.017317496728890092	0.03907000795006752	0.010814213928443905	0.0016813544556498528	0.001432311769667649	0.0064748869829600155	0.005545307514577757
A[C>A]C	0.03836382832378149	0.03935056608170271	0.0006176633324798785	0.014676442299969495	0.00833593743137726	0.047026460990309715	0.00464270064030643	0.0012767071717462385	0.002499942875820693	0.0062589077946825
A[C>A]G	0.029010912618832662	0.0193759326091822	0.00046308645588624133	0.018144150266743965	0.0027945332138926914	0.0030953820870308845	0.014838710562651158	1.7111843817474436e-07	0.0002534083982013158	1.7998091408344408e-07
A[C>A]T	0.026442126464098693	0.026672984659671783	0.0007210970221422031	0.007977376659982837	0.008319038711488248	0.012455244697525814	0.003147213965399942	0.0010230064416646202	0.0034117704863092513	0.00032314820277861144
A[C>G]A	0.004032696023518861	0.006476412154734134	8.207682105876302e-05	0.004460703559243484	0.014019506325644216	0.011944934306666256	0.018193515728492513	0.000537049997461736	0.0029641861212439833	0.0007186979943071492
A[C>G]C	0.0005554007584578358	0.004439523548353463	0.0012588726851390675	0.00308375612803502	0.008981505082920194	0.010650773183442652	0.01677138414233923	0.002697104429062769	0.0035861203097738324	5.6051938572992686e-46
A[C>G]G	0.002394762431168829	0.0040893310389947144	3.2013494637794794e-05	0.0009325661929324269	0.005620533063959954	0.010057540750131011	0.0031759600155055524	0.0014486588253930677	0.0007041426806267736	0.004956234520068392
A[C>G]T	0.0008475164941046387	0.002434629389682641	0.0009140476118773222	0.006120233505498618	0.006299272948285761	0.009669672455703448	0.021505562029778956	0.0006589559398889833	0.006520401322313773	0.003172589256428182
A[C>T]A	0.005739866622025147	0.006626912811771035	0.0041762476321309805	0.012078175717033447	0.018176928721368314	0.013389125000685453	0.023594358237460256	0.019168729335069655	0.007982975780032575	0.009030317323049531
A[C>T]C	0.0020721402588550555	0.0038244509778451174	0.00019571323835094746	0.009626465057954193	0.008511973163052744	0.013486156077124178	0.023322672862559558	0.03173252735286951	0.010802365970766914	0.0005011248717437411
A[C>T]G	0.0016634212297503836	0.0011271725408732892	0.0014897645625751466	6.415926350200607e-06	0.005631381655712175	0.009014323679730296	0.009399764053523541	0.1903604105114937	0.0037865258753299715	0.005996495811268687
A[C>T]T	0.0011298585042823117	0.006194259366155634	5.873813606740441e-05	0.011208116263151168	0.0036082080099731685	0.02202615048736334	0.01119989030994475	0.01038798694498837	0.006984390256366169	0.0049336304946336895
A[T>A]A	0.0013731714765611968	0.0022844445400551196	0.0	0.012929729046300053	0.002694520400837064	0.004043987020850182	0.006648400050835335	0.0002684768978838292	0.005933163679452491	0.005216330010443926
A[T>A]C	0.001567264157347381	0.004308086819946766	0.00017977215102291667	0.006124320501658076	0.006252416921779513	0.00855808809865266	0.004652788327075541	0.00958354992326349	0.00881304603535682	0.0004481799417021648
A[T>A]G	0.007888217899017036	0.007577791903167963	0.00032925417852238683	0.006633055604584115	0.006771043944172561	0.011608526756845094	0.010589445172809065	0.0009821952087804675	0.018600557837635277	0.005523178817838925
A[T>A]T	0.0015035368007374928	0.003877283250221808	0.0014638388121966273	0.004953251639381051	0.0023007980547845364	0.00022962980789955622	0.004793103120755404	0.00015332635957747697	0.009742381796240807	0.00454217729381412
A[T>C]A	0.0015029725516797043	0.005069134850054979	0.00041104509145952763	0.0002979851793497801	0.0266084311704617	0.024467003904283045	0.007257305475650355	0.0016578558483161033	0.03312923065113864	0.0021839531481589345
A[T>C]C	0.0	0.00041738520958460866	0.00033232325783956186	0.0013650925131514669	0.01941415305205468	0.0028985392302274702	0.005866477265954018	0.003311314707167412	0.015890973174407463	0.0022339188696832934
A[T>C]G	0.003379023866727948	0.004579138801636873	0.00024936345289461315	0.004937972314655781	0.04328317815670744	0.009397125663235783	0.017027602624148132	0.0017922640778124332	0.04577678916975856	0.005303472629748285
A[T>C]T	0.0003611900814576074	0.00030373402405530213	0.0016211511567234993	0.006988269428256899	0.015469757188111544	0.009502227487973868	0.005454631824977696	0.008610232314094902	0.019807051843963565	0.014913168200291694
A[T>G]A	0.0002915838049375452	0.0005321857562051946	0.0	0.0008794943918474018	0.0027151148387929425	0.000652423435531091	0.0008835397602524608	0.0020761993979817816	0.0027633362916503756	0.004250791139034505
A[T>G]C	0.0002293868118997011	0.00020640641673681792	1.0015032229659937e-05	3.540799040990805e-05	1.860303683542952e-07	0.0031236854149028657	0.0016179691759816706	0.00014496568098678608	4.888578132522525e-07	0.015055394219234585
A[T>G]G	0.0007769690128043294	0.0005680294805358698	0.0	0.005419082345906645	0.0037467115014351293	0.0014492772053927184	0.004924727419157194	0.002648968236167093	0.0018903735385435994	0.0011719978046500045
A[T>G]T	0.00021225910168141127	0.0003265710111008957	4.395670589190104e-05	0.00019016043806921392	0.0009361486339912517	0.002159442304400727	0.002655417821370065	0.002450598621589961	0.0002897892351711562	0.01676482679322362
C[C>A]A	0.09874901324510574	0.05256968960165977	0.0035805049876216797	0.05752015504986048	0.01443659332817333	0.011907469481229782	0.013391287818217279	5.6051938572992686e-46	0.006385435312495247	0.0008525064138776628
C[C>A]C	0.10382364243268967	0.07640347406268119	1.3501782802904927e-08	0.03624178232191753	3.4093504268639663e-06	0.013852027072607598	3.273144795912231e-06	1.0587318030275129e-06	4.594417154635266e-06	0.001752390371365209
C[C>A]G	0.05662236008793116	0.01749162216701805	9.415208834795408e-09	0.06210641283541918	0.0003534435943322478	0.0030463271604901365	0.0024061160380369983	1.1713681033143076e-06	0.008626762503450892	0.0007123904441755258
C[C>A]T	0.07188349291682243	0.07990446835756301	0.0008973879488621605	0.00756754730718967	0.00936718197352775	0.03951816260814667	0.002680032014119682	1.9083097143379745e-06	0.003919046372175217	0.0001958575723136846
C[C>G]A	0.006049503077319685	0.009326553298160433	0.004162312857806683	0.003943793418453368	0.013858948647975922	0.015414029139303408	0.023681069258600473	0.0015969027111736977	0.002718642819672823	0.0014607055615897479
C[C>G]C	0.006999266939237714	0.0035290056710749695	0.001664271300947462	0.006816311553120613	0.015417896909934826	0.010460777097625851	0.012770053455437847	0.0011134698368266526	0.0032091228785816384	0.0005611676257103682
C[C>G]G	0.00573934493586421	0.003918276913464069	0.0011773572675480182	0.005290896633778175	0.002656316850334406	0.014349977672100066	0.0027836202876642346	0.00012851512505562823	0.00031490474357269703	0.002294167724903673
C[C>G]T	0.0029280301067046823	0.007313222065567971	0.004091079108184204	0.014841781192808412	0.013425674592144787	0.012083240919128001	0.02449733642861247	0.0006368515081703663	0.007227019243873656	0.0003110287128947675
C[C>T]A	0.010045948717743159	0.010508493892848492	0.011745029943995178	0.02985569378361106	0.021731576789170502	0.05203494615852833	0.06745009925216436	0.008424874290358274	0.005733082303777338	0.016424908256158232
C[C>T]C	0.004914717958308756	0.009330252278596162	0.0002092882460317469	0.03771784473210573	0.017674486222676932	0.03819410186260939	0.035431972797960044	0.0030768195632845164	0.019792271312326193	0.004023671087134062
C[C>T]G	0.004656063439324498	0.008599360566586256	0.0034766046330332754	0.006546547403559089	0.010872854012995958	0.02106443988159299	0.02767933588474989	0.15271622464060783	0.010505209816619754	0.0014718343649292366
C[C>T]T	0.006046155642252415	0.028675112314522265	0.006283225284461347	0.004305101151840063	0.02168082958087325	0.06488417945802212	0.018563492689281702	0.0031525825150310995	0.02576789155136794	0.01594111783997505
C[T>A]A	0.00564119010232389	0.007945761873270386	8.579720160923898e-05	0.0034309326438233256	0.008245710092546687	0.001477410560903536	0.00432397595141083	6.618910788347421e-08	0.00887179341028741	0.004050584397896273
C[T>A]C	0.007495462987571954	0.011072001000866295	0.0003537893266184255	0.014616616908460856	0.00256842111732567	0.008579881465993821	0.009896710455359425	2.2137019470847008e-07	0.0017490119229478297	0.012042313627898694
C[T>A]G	0.0455502319149673	0.033401251584291455	0.0009592345809551261	0.010672659645229033	0.002160030324012041	0.02339428400748602	0.024771148265517694	1.672384169637553e-06	0.0015212711375397702	0.00839854630175978
C[T>A]T	0.00480093264924335	0.015345681847054492	0.0002741547122781185	0.006471228703685483	0.019918845407664774	0.005539114214479923	0.0050196323543787	0.00012324500130489469	0.003976709745074913	0.01762716006487608
C[T>C]A	0.0008096048462903127	0.0017495259642601013	0.0007032325949694496	0.014666896406561136	0.0051030786475166675	0.003538181446492672	0.006796208629384637	0.0006929323936674337	0.01789092526305467	0.010372780705802142
C[T>C]C	0.0001521677223081497	0.003715780074708164	0.0005086661840323359	0.0028568699955940245	0.004398309072712436	0.008494199148844927	0.004484746733214706	0.00037188829155638815	0.016332715982571244	0.034367533214390275
C[T>C]G	0.005264288908801973	0.016687073023058475	8.072945929598064e-05	0.011058351513929665	0.014777599275112152	0.007903413940221071	0.0023030115000437943	0.008330961495130396	0.03512903805822134	0.02513332823291421
C[T>C]T	2.4073813983704893e-05	0.0017956787254661323	1.4555179461694933e-08	0.0022263093655055855	0.019706029049120843	0.00574865061789751	0.012383569777011872	0.002777936263646552	0.008396710525266826	0.06769580170512199
C[T>G]A	0.00014016845379956068	0.0013939042342826723	0.0004008132789749652	0.002631403156556189	0.0005402743457061376	0.000555562146473676	0.00046442729888553915	0.00020052738076117293	0.0013658112906128395	0.001435078737188178
C[T>G]C	0.00012127980444347486	0.0007967236801050603	0.0003963968484981706	0.0012252396903932095	0.0039081629132851955	0.0012987456750124693	0.0023849785909987988	0.004102052806410938	0.003519905894063413	0.015612445399165153
C[T>G]G	0.0014791597495786846	0.001653789760894142	0.0001915059081511572	0.016852490929773013	0.011475521372631192	0.0038347500027157365	0.007079885011262377	0.002062667487189174	0.013930609007366071	0.003317614272236824
C[T>G]T	3.775799406469105e-08	1.1154990886552696e-07	2.7146552525891823e-07	2.9075365404196418e-08	7.213033939024172e-08	6.821188037520187e-07	2.2775355148496602e-07	7.433890790657927e-05	6.793918164049728e-07	0.1429482154548168
G[C>A]A	0.043153108283877376	0.023433287208899856	0.004041862511076033	0.020574087928980588	0.021561799105256796	0.015246984409168362	0.01375417887375079	0.00428085308521986	0.0006823371630162	0.0030825725597591
G[C>A]C	0.04459167793393135	0.03806327618658543	0.002972238988149911	0.03211294338107109	0.012054625200107694	0.041977054253220555	0.01254964337945239	0.00027061132714152337	0.0020180839168460808	0.00852088090032339
G[C>A]G	0.020292601035907864	0.013119188367136303	0.00028650148156543763	0.07542925464422297	0.006863963287469232	0.002572311389985771	0.01805753036492206	2.5535310044233483e-07	0.002614909759057582	4.785493388226314e-08
G[C>A]T	0.031573834782466295	0.02334983292967081	0.0018185600798283018	0.02064430769532919	0.011665326126967556	0.003683546709385155	0.008530118025373668	0.0016408771404940125	0.007160916920111049	0.008349619754881132
G[C>G]A	0.004328712669666857	0.0015554534504190088	0.0010092129337863297	0.00896688608918339	0.009414468053728342	0.006246176861145614	0.016123026511081662	8.407790785948902e-46	0.012781875976361334	0.002470374933909625
G[C>G]C	0.003853541985154152	0.01152761122211814	0.0029958429746329784	0.00124769428988607	0.0156902433373034	0.010112993068855224	0.006353288237005472	0.0010853124782443046	0.007887936336919666	0.003920159197878093
G[C>G]G	0.003887537178479761	0.01080212766989348	1.2281717864937036e-09	0.006277008191639765	0.005464560654900197	0.008221761955658735	0.0009276045039438685	8.27302620507453e-06	0.00041923069058498187	0.0009180938674603567
G[C>G]T	0.0018337338522542268	0.0047715272172354165	0.001648531714101864	0.003007428557612002	0.014687060751020909	0.005566185270436108	0.021793938986957074	5.450167464005062e-08	0.0019903418171452357	0.004167816524534374
G[C>T]A	0.004132359148934483	0.005460998509079218	0.004338403040310368	0.02127353809773922	0.015950063057243825	0.005016229685861617	0.010216525383293628	0.02867038603872061	0.03884993866086006	0.0059636894846335055
G[C>T]C	0.004053125454811379	0.005083888611989096	0.001295852244948037	0.005847070412710309	0.013233733037486673	0.011255371879087761	0.001072426186874509	0.061960095539689064	0.058616556227207184	0.00789606343023479
G[C>T]G	0.001079646951984614	0.001516005148437216	0.0005158357846084983	0.004326336027588695	0.000651352247223258	0.008521454595029353	0.011073856544680894	0.20903346687555313	0.030083077112794853	0.0016856386612289498
G[C>T]T	0.004490186832845211	0.011398237105458975	0.00261385504854843	0.0007312130794161931	0.022214532969519495	0.010021368879824877	0.00676746191456914	0.023688186891376972	0.038903296925127506	0.000849115295568481
G[T>A]A	0.004157208075048402	0.007474629889475182	0.0002740226511377841	0.001191569189541042	0.011227296109427697	0.006832400197163224	0.00316886076557239	0.0003835377807263285	0.0054939197525868625	0.01057076770812273
G[T>A]C	0.0013905817293561995	0.0046921140979975465	0.0	0.010896001385287946	0.005371132120490074	0.004678548546507955	0.014292549912352116	0.0037006140930770925	0.0012279121961910277	0.0032725862081861125
G[T>A]G	0.009662607265636326	0.012143277027644218	0.0004660820501158014	0.014729860657826065	0.009701028000563383	0.007989504560828208	0.011594107281416655	0.002128583053126931	0.006494822958484292	0.0014122523009518773
G[T>A]T	0.0022330018633510917	0.007474227374655129	2.554348199623746e-09	0.0012390520598273725	0.013632757871073408	0.004283007489311786	0.0015386640459496448	4.048804044032295e-07	0.005480397196856756	0.003380002884659916
G[T>C]A	0.0010835354152163746	0.0015402838766519268	0.0021458782837726178	0.0008271797909401357	0.004030834231525659	0.0029708411114107492	0.0004454375298337254	0.004774793946186406	0.07746671866625547	0.002004092321101325
G[T>C]C	0.0005087143508717418	0.0005395258776843548	0.000522786509100115	0.0027202263474464415	0.00799223135691136	0.0016468475630972534	0.005614981101825833	0.01468942067003809	0.0171159575576894	0.006077726092189551
G[T>C]G	0.0018918631598353387	0.004102337406948209	2.9972859749705094e-08	0.0003339276243565337	0.0013806584649785237	0.007749408113718914	0.0015289494291153005	0.003115985041254987	0.05929935351014137	0.0010681022312695632
G[T>C]T	0.0	0.0001641919428948313	0.00032376482704421505	0.002587929181840175	0.013020798556459568	0.007343030907213688	0.009843174926936626	0.007507082144729793	0.024815288931131364	0.005329883746799169
G[T>G]A	0.0005445928548994061	0.000828314054524526	1.1201666232096841e-05	0.0011140446166962193	0.0038486497898929883	0.0021961227133679984	0.0008368932441271681	0.0005275622497435961	0.0012883485726888466	6.100599989622423e-08
G[T>G]C	0.00010197081137448549	3.5086617313807854e-14	0.00012599306588434445	0.00085467544849962	0.002433606671982602	0.0005310933452904009	0.0007731349964160472	0.00025001024131370285	0.007581950107123703	0.0036016335157000867
G[T>G]G	0.0021080878796055913	0.0021211466053500773	0.000526581011217786	0.0025570524192309206	0.0017695452744874273	0.003984384809155017	0.006208363350015134	0.00047123879465971186	0.0015220678120385855	0.002799618920835201
G[T>G]T	0.0004286516571426091	7.028801860542444e-08	0.000366966851126449	0.0002663770670892518	1.0771000091835958e-08	0.0008011138135771035	1.753891265252605e-05	0.0001884096823957293	0.0003238588996737235	0.03880465570837259
T[C>A]A	0.037306415103375914	0.03007812248542905	0.024880938418209552	0.03639384787529707	0.011900329403579235	0.00025841468013823035	0.014295653249621409	0.0002241100650280714	0.005094805749831721	0.01766381780616939
T[C>A]C	0.06907493807375431	0.038837802782654765	0.011329538002610207	0.03946816418319941	0.01885580811649561	0.029805250745266677	0.040434008650481704	0.00602755428599838	0.004153205966576934	0.008951607556082309
T[C>A]G	0.02011160459369421	0.010237760283052922	0.003404868138022721	0.033168436400592326	0.00674209816537541	0.0005471440469136723	0.01709057467416244	3.673082119348692e-07	0.007010483788326383	3.567741764243238e-08
T[C>A]T	0.03504959611454979	0.06003208374604583	0.009978736378252506	0.006082232855260372	3.344682227179874e-07	0.0520217740762746	0.025174065306782723	0.0	0.005624004875608079	0.0042669353703971066
T[C>G]A	0.0017600061601569905	0.007366444177739595	0.13397175422533109	0.005397198206139819	0.04680123435755377	0.0037809485454062043	0.0013549269395696228	0.0001533883436700023	0.00749632465325476	0.0003055437527109461
T[C>G]C	0.001981804519891739	0.004217296308547702	0.03949684277176857	0.030906289350241423	0.03881640514591709	0.01618837786372751	0.007375191523215136	0.0014050018146321008	1.9260821204625245e-08	0.0023777501512995515
T[C>G]G	0.0030036089385902186	0.003590855374932289	0.013831830002891366	0.0031555526922716127	0.005671999725183241	0.008089929210837	0.004726905794814229	0.0	0.0013141408616462514	0.00014945322720656408
T[C>G]T	0.001256945915520191	0.007330904295668006	0.16452909186482428	0.002556637923535732	0.04823996666100357	0.008444660282657423	1.6117051586661547e-07	3.5276556218377666e-07	0.012094614502530021	2.2288241723344982e-07
T[C>T]A	0.0008899782318621874	0.0059113666415214535	0.25343859046697614	0.013205875759012997	0.011498919874429702	0.0031257101305300237	0.027420248230919243	0.0041217810939997435	0.004732147721864521	0.07053910890608676
T[C>T]C	0.0016753211850300432	0.007389458792749793	0.0654673334211111	0.02801104923710227	0.02279822137206793	0.022713633067905904	0.05692211277782917	0.015804326487705113	0.004026308935135603	0.030915271677076816
T[C>T]G	0.000412989902542904	0.0011145113967359315	0.057910071313381196	0.0018439658917486668	0.009750402998179197	0.005618300877119964	0.018455242773052306	0.0987699382007122	5.6051938572992686e-46	0.008699518302455545
T[C>T]T	0.006288396823219955	0.010227756190579385	0.1329827569425106	0.009235567110590637	0.006014331057667732	0.01262982776388526	0.008324908467272962	0.004288871050812304	0.021532313455827533	0.05116744701208518
T[T>A]A	0.0009753603691933677	0.003552772398762727	7.723724484094418e-05	0.00972251509083435	0.006452553270719363	0.0019344998634551302	0.0030398884868645835	1.486830456087773e-07	0.0013665009603357702	0.001524826612603647
T[T>A]C	0.0023836137988837436	0.006542544373570536	0.0003914160795311261	0.005280867391526023	0.000408680959660046	0.006980938336346299	0.006917000991109035	0.001656419583952129	0.002982423570938408	0.007754414365626872
T[T>A]G	0.004019160163443303	0.01499309812206775	0.0002573686280811671	0.007296297690950837	0.007464764326125817	0.004194950708188117	0.008329351199790835	1.4012984643248171e-46	0.0019658370583783835	0.009193321163184009
T[T>A]T	0.005351751018315554	0.001222553476691246	0.00010381732427049428	0.0031856224115472285	0.005118471197783947	0.0028951412066817285	0.0033761456026695667	0.0017896175874909659	0.0009056817946763828	0.00867559767793864
T[T>C]A	0.0003841633559204638	0.0013027959732426098	0.00035931897728005426	7.253329954437504e-08	0.0137532548094498	0.0017492587096057833	0.005609054118394852	0.001505347899001208	0.017332204012200238	0.00686213393886419
T[T>C]C	1.4012984643248171e-46	0.0016117337392643094	0.0008679632504936307	0.0018029522732831537	0.0063283700495958325	0.003207789867883548	0.00527943205088377	0.00561479363655053	0.013982868153834715	0.015144373057410121
T[T>C]G	0.0009125847602263093	0.002507987734861672	0.000134765947956339	0.0	0.002428362757200375	0.0063903578091412784	0.004285652132239193	0.0008475848369755568	0.029672797210514544	0.009307106607593596
T[T>C]T	0.0002597090615053043	0.0012957802275195718	0.0	0.002015652381669497	0.0009535131976008415	0.003909908351488411	0.008905518031679095	0.00179226467554372	0.014564476767554879	0.012481161998584867
T[T>G]A	0.0	0.0	0.0002979736537781719	0.0025502093660179524	0.0029190826784223135	0.0008270682980992206	0.0015066430666678342	0.0026095817210944005	0.0005044122226536274	0.003614375041797757
T[T>G]C	0.0	0.0	5.7411536417362186e-05	0.0015036097635686475	0.005173661783845773	3.144496929508023e-08	0.005749694073801948	9.442402935349037e-05	0.0024353567592243055	0.013663234189152718
T[T>G]G	0.0006905436050146819	0.0021680146048311142	0.0004717123994396388	0.0016104613663628698	0.0042039112187922	0.006343874870799482	0.006590298167429865	0.0009222072560987726	0.0055916763609275225	0.004953369684517384
T[T>G]T	2.839793523889966e-07	3.5777376581336286e-07	6.6124187014793275e-09	2.636537595179789e-06	2.474403049745888e-06	0.0	0.0006643207988759059	3.426986643262353e-06	8.026953366879752e-07	0.07759668789803982
