Samples	SBS96A	SBS96B	SBS96C	SBS96D	SBS96E	SBS96F	SBS96G	SBS96H	SBS96I
TCGA-05-4244-01A-01D-1105-08	91	16	30	9	9	21	26	18	0
TCGA-05-4250-01A-01D-1105-08	107	74	61	49	1	21	47	20	0
TCGA-05-4382-01A-01D-1931-08	1014	135	284	198	15	47	32	39	27
TCGA-05-4384-01A-01D-1753-08	49	22	3	13	0	17	19	10	3
TCGA-05-4389-01A-01D-1265-08	44	0	39	68	20	0	25	32	11
TCGA-05-4390-01A-02D-1753-08	368	0	39	8	8	95	27	13	13
TCGA-05-4395-01A-01D-1265-08	73	28	0	76	59	20	0	18	7
TCGA-05-4396-01A-21D-1855-08	18	117	46	17	1	23	0	23	5
TCGA-05-4397-01A-01D-1265-08	242	61	138	118	116	100	62	15	23
TCGA-05-4398-01A-01D-1265-08	197	154	154	85	0	52	31	35	32
TCGA-05-4402-01A-01D-1265-08	0	0	0	43	75	0	0	6	0
TCGA-05-4403-01A-01D-1265-08	0	44	15	6	2	26	7	35	2
TCGA-05-4405-01A-21D-1855-08	200	0	16	9	33	62	34	16	17
TCGA-05-4410-01A-21D-1855-08	559	44	114	108	87	159	29	20	9
TCGA-05-4415-01A-22D-1855-08	123	1	0	0	19	33	22	9	1
TCGA-05-4417-01A-22D-1855-08	114	20	95	3	8	36	23	12	5
TCGA-05-4418-01A-01D-1265-08	49	108	41	18	0	0	55	14	5
TCGA-05-4420-01A-01D-1265-08	68	64	112	20	0	0	24	10	2
TCGA-05-4422-01A-01D-1265-08	1	12	4	16	0	5	0	7	0
TCGA-05-4424-01A-22D-1855-08	333	84	79	49	110	0	19	20	18
TCGA-05-4425-01A-01D-1753-08	0	7	0	2	1	1	5	21	3
TCGA-05-4426-01A-01D-1265-08	5	0	0	5	5	15	0	13	2
TCGA-05-4427-01A-21D-1855-08	261	263	270	34	93	17	0	40	66
TCGA-05-4430-01A-02D-1265-08	106	48	52	12	13	0	23	12	7
TCGA-05-4432-01A-01D-1265-08	192	84	100	13	23	110	30	28	22
TCGA-05-4433-01A-22D-1855-08	1	3	0	0	5	0	1	28	0
TCGA-05-4434-01A-01D-1265-08	0	0	4	3	14	7	11	5	0
TCGA-05-5420-01A-01D-1625-08	22	18	0	5	1	20	8	14	0
TCGA-05-5423-01A-01D-1625-08	27	73	14	14	0	0	4	21	2
TCGA-05-5425-01A-02D-1625-08	180	150	93	10	55	38	38	16	7
TCGA-05-5428-01A-01D-1625-08	195	0	0	123	0	56	2	17	7
TCGA-05-5429-01A-01D-1625-08	2	0	2	6	0	0	0	20	4
TCGA-05-5715-01A-01D-1625-08	0	0	0	48	57	0	0	17	0
TCGA-17-Z000-01A-01W-0746-08	33	10	0	27	20	9	8	15	0
TCGA-17-Z001-01A-01W-0746-08	97	12	0	13	0	47	20	10	5
TCGA-17-Z002-01A-01W-0746-08	0	0	0	2	3	0	0	0	1
TCGA-17-Z003-01A-01W-0746-08	32	42	20	5	40	20	55	11	23
TCGA-17-Z004-01A-01W-0746-08	0	0	0	0	7	0	11	2	1
TCGA-17-Z007-01A-01W-0746-08	7	0	6	1	3	0	0	28	21
TCGA-17-Z009-01A-01W-0746-08	15	3	11	0	0	8	1	0	1
TCGA-17-Z011-01A-01W-0746-08	23	26	11	10	0	18	8	10	5
TCGA-17-Z013-01A-01W-0746-08	11	4	0	0	3	32	2	5	0
TCGA-17-Z015-01A-01W-0746-08	141	73	128	0	69	0	0	87	18
TCGA-17-Z017-01A-01W-0746-08	105	9	8	5	17	54	19	5	8
TCGA-17-Z018-01A-01W-0746-08	156	0	51	7	22	0	16	8	3
TCGA-17-Z019-01A-01W-0746-08	0	0	0	0	0	0	1	0	0
TCGA-17-Z020-01A-01W-0746-08	6	4	63	30	2	0	11	6	0
TCGA-17-Z021-01A-01W-0746-08	46	0	54	4	0	18	10	0	1
TCGA-17-Z022-01A-01W-0746-08	544	168	123	205	105	46	64	24	29
TCGA-17-Z023-01A-01W-0746-08	59	105	77	21	100	0	40	4	4
TCGA-17-Z025-01A-01W-0746-08	141	21	1	0	10	51	21	5	3
TCGA-17-Z026-01A-01W-0746-08	264	43	44	451	217	0	0	1	0
TCGA-17-Z027-01A-01W-0746-08	8	18	9	2	10	1	26	11	12
TCGA-17-Z028-01A-01W-0746-08	186	0	88	44	35	80	33	12	12
TCGA-17-Z030-01A-01W-0746-08	256	114	49	16	11	82	18	10	13
TCGA-17-Z031-01A-01W-0746-08	1139	227	297	0	138	38	160	44	369
TCGA-17-Z032-01A-01W-0746-08	30	0	0	15	31	0	10	16	8
TCGA-17-Z033-01A-01W-0746-08	62	3	27	36	8	17	6	1	9
TCGA-17-Z036-01A-01W-0746-08	18	0	14	11	0	16	1	7	10
TCGA-17-Z037-01A-01W-0746-08	2	0	8	4	9	6	0	83	29
TCGA-17-Z041-01A-01W-0746-08	10	0	6	5	14	0	4	10	0
TCGA-17-Z042-01A-01W-0746-08	267	0	60	9	43	67	34	13	6
TCGA-17-Z043-01A-01W-0746-08	37	23	41	13	41	5	39	4	10
TCGA-17-Z044-01A-01W-0746-08	17	41	0	7	8	30	20	1	2
TCGA-17-Z045-01A-01W-0746-08	318	66	70	0	120	65	38	0	39
TCGA-17-Z047-01A-01W-0747-08	0	0	0	0	7	11	0	5	0
TCGA-17-Z048-01A-01W-0746-08	0	0	0	0	14	0	5	6	4
TCGA-17-Z049-01A-01W-0746-08	159	112	129	38	10	13	39	6	3
TCGA-17-Z050-01A-01W-0747-08	51	14	0	21	19	0	39	20	9
TCGA-17-Z051-01A-01W-0747-08	21	27	29	11	0	23	19	7	0
TCGA-17-Z052-01A-01W-0747-08	53	15	0	0	14	11	24	0	1
TCGA-17-Z053-01A-01W-0747-08	65	53	5	19	36	21	38	18	0
TCGA-17-Z054-01A-01W-0747-08	0	0	1	0	1	1	0	1	0
TCGA-17-Z055-01A-01W-0747-08	283	0	119	4	69	54	87	7	12
TCGA-17-Z056-01A-01W-0747-08	129	84	53	70	70	34	23	6	10
TCGA-17-Z057-01A-01W-0747-08	38	35	4	142	168	0	8	19	0
TCGA-17-Z058-01A-01W-0747-08	26	1	10	5	0	16	10	8	2
TCGA-17-Z059-01A-01W-0747-08	67	14	12	29	16	9	0	9	3
TCGA-17-Z061-01A-01W-0747-08	0	49	30	10	20	33	32	0	8
TCGA-17-Z062-01A-01W-0747-08	140	62	158	13	36	7	14	7	6
TCGA-35-4122-01A-01D-1105-08	0	102	81	42	21	6	60	13	5
TCGA-35-4123-01A-01D-1105-08	123	78	17	0	30	33	7	13	3
TCGA-35-5375-01A-01D-1625-08	184	0	0	27	32	95	56	21	25
TCGA-38-4625-01A-01D-1553-08	364	34	22	114	22	30	3	15	7
TCGA-38-4626-01A-01D-1553-08	110	4	51	1	17	29	0	0	6
TCGA-38-4627-01A-01D-1553-08	3	0	0	3	4	2	0	12	4
TCGA-38-4628-01A-01D-1265-08	10	9	21	14	14	29	3	25	1
TCGA-38-4629-01A-02D-1265-08	52	38	68	23	25	39	1	25	14
TCGA-38-4630-01A-01D-1265-08	4	0	21	49	19	0	0	28	4
TCGA-38-4631-01A-01D-1753-08	275	260	123	0	82	0	11	7	16
TCGA-38-4632-01A-01D-1753-08	195	76	50	33	0	108	40	7	17
TCGA-38-6178-01A-11D-1753-08	8	0	7	6	0	16	6	10	1
TCGA-38-7271-01A-11D-2036-08	16	6	0	12	20	0	0	0	0
TCGA-44-2655-01A-01D-1553-08	135	0	5	12	0	14	15	4	3
TCGA-44-2655-01A-01W-0928-08	119	0	20	13	0	22	17	3	1
TCGA-44-2656-01A-02D-0969-08	380	20	364	19	0	94	0	27	11
TCGA-44-2656-01A-02D-A271-08	275	87	392	13	0	44	0	22	0
TCGA-44-2656-01A-02W-0928-08	327	21	326	15	0	104	0	5	11
TCGA-44-2656-01A-12D-A27T-08	297	71	389	14	0	70	0	25	7
TCGA-44-2656-01A-41D-A27T-08	334	70	385	18	0	57	2	28	0
TCGA-44-2656-01B-06D-A271-08	270	74	324	27	0	48	1	10	3
TCGA-44-2657-01A-01D-1105-08	265	3	16	29	43	31	12	19	1
TCGA-44-2661-01A-01D-1105-08	0	4	0	4	0	17	7	6	5
TCGA-44-2662-01A-01D-0969-08	17	0	0	105	101	0	0	0	3
TCGA-44-2662-01A-01D-A271-08	20	0	0	86	108	0	0	0	3
TCGA-44-2662-01A-01W-0928-08	19	0	0	88	96	0	0	0	4
TCGA-44-2662-01B-02D-A271-08	14	0	4	92	74	0	0	0	6
TCGA-44-2665-01A-01D-1040-01	1	0	0	13	0	0	14	16	3
TCGA-44-2665-01A-01D-A271-08	2	0	0	15	0	0	13	16	2
TCGA-44-2665-01A-01W-0928-08	0	0	0	15	0	3	23	9	2
TCGA-44-2665-01B-06D-A271-08	2	0	0	16	0	0	19	12	3
TCGA-44-2666-01A-01D-1489-08	2	0	1	1	7	0	6	9	4
TCGA-44-2666-01A-01D-A271-08	0	0	3	1	7	4	2	7	3
TCGA-44-2666-01A-01W-0928-08	0	0	1	1	10	3	2	11	4
TCGA-44-2666-01A-21D-A27T-08	5	0	0	1	9	1	1	12	5
TCGA-44-2666-01A-41D-A27T-08	0	4	0	2	9	0	5	9	5
TCGA-44-2666-01B-02D-A271-08	2	0	0	1	5	3	0	9	5
TCGA-44-2668-01A-01D-0969-08	154	0	83	66	29	60	3	7	0
TCGA-44-2668-01A-01D-A271-08	135	0	88	62	20	55	0	3	0
TCGA-44-2668-01A-01W-0928-08	170	0	70	66	37	50	0	4	0
TCGA-44-2668-01B-02D-A271-08	94	0	47	31	29	35	0	0	0
TCGA-44-3396-01A-01D-1553-08	22	18	0	67	27	34	0	25	0
TCGA-44-3398-01A-01D-1105-08	65	0	31	47	14	0	20	14	0
TCGA-44-3917-01A-01D-A271-08	45	13	70	11	38	43	1	11	0
TCGA-44-3917-01B-02D-A271-08	34	18	78	11	47	38	0	13	0
TCGA-44-3918-01B-02D-A271-08	502	76	170	54	90	27	0	8	0
TCGA-44-3919-01A-02D-1105-08	1	0	2	4	0	11	13	2	0
TCGA-44-3919-01A-02D-1458-08	0	0	4	4	8	9	10	3	0
TCGA-44-4112-01A-01D-1105-08	224	42	35	6	90	0	8	19	6
TCGA-44-4112-01A-01D-1458-08	230	59	25	2	99	0	11	18	6
TCGA-44-4112-01A-22D-A27T-08	253	40	26	5	98	0	8	29	6
TCGA-44-4112-01A-31D-A27T-08	260	27	7	58	110	0	2	33	4
TCGA-44-4112-01B-06D-A271-08	203	18	12	4	86	0	9	12	5
TCGA-44-5643-01A-01D-1625-08	9	30	0	22	10	40	0	26	1
TCGA-44-5644-01A-21D-2036-08	352	226	182	34	74	35	20	53	20
TCGA-44-5645-01A-01D-1625-08	0	0	0	0	2	10	11	9	4
TCGA-44-5645-01A-01D-A271-08	0	0	0	0	2	10	13	7	4
TCGA-44-5645-01A-21D-A27T-08	0	0	0	0	1	14	12	10	3
TCGA-44-5645-01A-51D-A27T-08	0	0	0	0	1	14	10	10	3
TCGA-44-5645-01B-04D-A271-08	0	0	0	0	2	15	8	11	1
TCGA-44-6144-01A-11D-1753-08	83	43	6	18	22	7	24	16	17
TCGA-44-6145-01A-11D-1753-08	213	4	5	0	38	44	3	7	11
TCGA-44-6147-01A-11D-1753-08	72	46	0	17	0	32	0	10	10
TCGA-44-6147-01A-11D-A271-08	83	38	0	21	13	24	0	12	8
TCGA-44-6147-01A-21D-A27T-08	65	60	0	20	0	40	0	34	7
TCGA-44-6147-01A-31D-A27T-08	39	47	0	5	0	25	0	0	7
TCGA-44-6147-01B-06D-A271-08	62	25	0	9	0	42	0	8	5
TCGA-44-6774-01A-21D-1855-08	106	103	77	6	0	7	0	8	0
TCGA-44-6775-01A-11D-1855-08	1	17	9	6	0	0	21	6	0
TCGA-44-6775-01A-11D-A271-08	0	19	0	8	0	6	18	8	0
TCGA-44-6775-01A-21D-A27T-08	1	13	7	6	0	8	17	6	0
TCGA-44-6775-01A-31D-A27T-08	0	26	5	7	0	0	22	6	0
TCGA-44-6775-01C-02D-A271-08	0	17	0	4	0	5	23	6	0
TCGA-44-6776-01A-11D-1855-08	103	21	0	8	2	36	20	8	2
TCGA-44-6777-01A-11D-1855-08	131	0	85	72	14	20	26	24	0
TCGA-44-6778-01A-11D-1855-08	89	82	143	14	11	15	22	17	12
TCGA-44-6779-01A-11D-1855-08	0	46	0	5	0	18	0	27	5
TCGA-44-7659-01A-11D-2063-08	39	48	0	4	25	0	27	3	6
TCGA-44-7660-01A-11D-2063-08	54	73	48	5	94	17	53	11	6
TCGA-44-7661-01A-11D-2063-08	70	48	44	28	47	0	8	13	3
TCGA-44-7662-01A-11D-2063-08	177	175	48	55	34	25	43	9	18
TCGA-44-7667-01A-31D-2063-08	158	118	40	14	4	85	6	31	28
TCGA-44-7670-01A-11D-2063-08	671	0	30	104	146	104	14	22	45
TCGA-44-7671-01A-11D-2063-08	54	45	43	1	29	39	13	16	0
TCGA-44-7672-01A-11D-2063-08	69	16	15	3	8	37	7	6	1
TCGA-44-8117-01A-11D-2238-08	494	67	29	27	55	50	48	35	7
TCGA-44-8119-01A-11D-2238-08	325	36	28	17	28	99	64	47	22
TCGA-44-8120-01A-11D-2238-08	319	153	0	31	0	73	45	24	0
TCGA-44-A479-01A-31D-A24D-08	216	0	0	27	0	4	31	10	7
TCGA-44-A47A-01A-21D-A24D-08	4	49	0	23	121	0	0	19	0
TCGA-44-A47G-01A-21D-A24D-08	0	10	6	9	20	14	0	7	3
TCGA-44-A4SS-01A-11D-A24P-08	170	27	68	25	91	35	38	16	21
TCGA-44-A4SU-01A-11D-A24P-08	57	7	0	4	7	34	22	17	2
TCGA-49-4487-01A-21D-1855-08	170	0	6	37	66	53	20	0	0
TCGA-49-4488-01A-01D-1753-08	162	44	12	25	15	8	15	4	14
TCGA-49-4490-01A-21D-1855-08	0	0	0	7	8	7	9	8	1
TCGA-49-4494-01A-01D-1265-08	75	30	26	2	29	24	0	14	0
TCGA-49-4501-01A-01D-1265-08	0	0	0	9	0	17	3	15	2
TCGA-49-4505-01A-01D-1931-08	58	73	14	10	24	0	6	30	7
TCGA-49-4506-01A-01D-1265-08	46	24	0	7	0	0	26	10	3
TCGA-49-4510-01A-01D-1265-08	17	0	3	4	7	0	14	2	0
TCGA-49-4512-01A-21D-1855-08	6	0	0	4	0	8	0	12	6
TCGA-49-4514-01A-21D-1855-08	97	22	38	97	35	22	5	24	0
TCGA-49-6743-01A-11D-1855-08	162	60	134	198	61	41	81	20	18
TCGA-49-6744-01A-11D-1855-08	86	65	0	0	18	40	0	2	2
TCGA-49-6745-01A-11D-1855-08	0	0	6	66	14	7	10	25	1
TCGA-49-6761-01A-31D-1945-08	35	0	17	68	10	28	9	11	9
TCGA-49-AAQV-01A-11D-A397-08	0	9	0	20	19	1	7	5	0
TCGA-49-AAR0-01A-21D-A397-08	9	63	0	10	21	0	0	19	14
TCGA-49-AAR3-01A-11D-A410-08	48	3	0	14	10	20	25	1	2
TCGA-49-AAR4-01A-12D-A410-08	207	76	94	93	39	39	15	5	5
TCGA-49-AAR9-01A-21D-A410-08	310	198	0	0	29	120	0	26	2
TCGA-49-AARE-01A-11D-A410-08	561	260	220	95	0	0	95	33	16
TCGA-49-AARN-01A-21D-A410-08	169	43	36	101	0	19	27	0	397
TCGA-49-AARO-01A-12D-A410-08	422	22	56	17	57	33	8	0	11
TCGA-49-AARQ-01A-11D-A410-08	383	138	0	66	61	80	14	15	0
TCGA-49-AARR-01A-11D-A410-08	0	0	1	0	0	0	0	0	0
TCGA-4B-A93V-01A-11D-A397-08	57	3	19	12	0	22	18	6	6
TCGA-50-5044-01A-21D-1855-08	0	0	0	63	66	0	0	1	0
TCGA-50-5045-01A-01D-1625-08	203	34	0	16	7	4	19	3	0
TCGA-50-5051-01A-21D-1855-08	28	44	8	2	12	0	8	14	0
TCGA-50-5055-01A-01D-1625-08	0	0	1	0	3	0	3	3	0
TCGA-50-5066-01A-01D-1625-08	80	47	55	15	33	8	10	2	22
TCGA-50-5066-02A-11D-2107-08	87	45	87	10	47	47	16	11	36
TCGA-50-5068-01A-01D-1625-08	27	0	4	4	11	14	11	20	0
TCGA-50-5072-01A-21D-1855-08	18	52	41	20	0	0	19	11	5
TCGA-50-5930-01A-11D-1753-08	679	119	158	12	3	104	57	17	18
TCGA-50-5931-01A-11D-1753-08	96	76	35	14	43	0	47	11	0
TCGA-50-5932-01A-11D-1753-08	38	0	15	0	2	20	0	3	0
TCGA-50-5935-01A-11D-1753-08	0	0	0	44	29	1	13	7	0
TCGA-50-5939-01A-11D-1625-08	3	7	0	21	0	7	19	11	5
TCGA-50-5941-01A-11D-1753-08	148	70	11	5	74	38	19	8	7
TCGA-50-5942-01A-21D-1753-08	24	0	0	1	4	13	5	2	7
TCGA-50-5946-01A-11D-1753-08	307	33	42	115	112	4	45	37	0
TCGA-50-5946-02A-11D-2107-08	326	51	5	129	124	18	50	37	0
TCGA-50-6590-01A-12D-1855-08	392	6	136	125	179	12	38	4	11
TCGA-50-6591-01A-11D-1753-08	0	0	7	1	7	20	0	7	8
TCGA-50-6592-01A-11D-1753-08	47	34	32	40	38	76	11	14	8
TCGA-50-6593-01A-11D-1753-08	107	63	49	12	8	25	37	10	12
TCGA-50-6594-01A-11D-1753-08	196	116	120	40	43	2	15	8	7
TCGA-50-6595-01A-12D-1855-08	9	0	0	24	0	33	7	3	4
TCGA-50-6597-01A-11D-1855-08	0	0	7	21	0	9	0	11	6
TCGA-50-6673-01A-11D-1945-08	0	6	0	6	4	4	14	16	1
TCGA-50-7109-01A-11D-2036-08	55	80	42	0	32	0	15	22	5
TCGA-50-8457-01A-11D-2323-08	13	0	6	1	11	6	8	7	3
TCGA-50-8460-01A-11D-2323-08	0	9	0	4	0	1	0	9	6
TCGA-53-7624-01A-11D-2063-08	249	100	131	123	113	53	35	32	7
TCGA-53-7626-01A-12D-2063-08	190	14	40	21	72	0	25	0	3
TCGA-53-7813-01A-11D-2167-08	55	0	44	1	0	30	12	14	0
TCGA-55-1592-01A-01D-0969-08	54	131	65	42	61	76	95	7	17
TCGA-55-1592-01A-01W-0928-08	81	87	41	33	82	86	92	10	10
TCGA-55-1594-01A-01D-1040-01	27	0	20	56	17	17	0	17	5
TCGA-55-1594-01A-01W-0928-08	18	9	15	54	28	12	3	10	4
TCGA-55-1595-01A-01D-0969-08	132	71	24	7	15	53	22	9	1
TCGA-55-1596-01A-01D-1040-01	5	55	48	8	11	9	53	8	1
TCGA-55-1596-01A-01W-0928-08	14	34	50	3	19	21	47	4	0
TCGA-55-5899-01A-11D-1625-08	201	29	38	103	32	44	12	14	1
TCGA-55-6543-01A-11D-1753-08	0	0	1	1	2	2	0	14	2
TCGA-55-6642-01A-11D-1855-08	61	0	22	6	5	10	12	6	6
TCGA-55-6712-01A-11D-1855-08	14	0	0	48	62	5	0	8	0
TCGA-55-6968-01A-11D-1945-08	61	0	0	261	205	0	0	0	0
TCGA-55-6969-01A-11D-1945-08	174	15	34	3	31	85	42	0	27
TCGA-55-6971-01A-11D-1945-08	0	25	28	4	5	8	11	0	3
TCGA-55-6972-01A-11D-1945-08	46	40	0	129	0	32	9	10	10
TCGA-55-6975-01A-11D-1945-08	6	6	18	7	8	4	7	12	3
TCGA-55-6978-01A-11D-1945-08	0	0	0	0	0	11	4	6	6
TCGA-55-6979-01A-11D-1945-08	14	35	0	8	57	0	0	0	0
TCGA-55-6980-01A-11D-1945-08	0	0	0	0	1	8	0	2	0
TCGA-55-6981-01A-11D-1945-08	0	0	0	2	13	19	0	15	0
TCGA-55-6982-01A-11D-1945-08	0	0	0	128	84	0	0	9	0
TCGA-55-6984-01A-11D-1945-08	0	0	6	1	0	5	5	3	0
TCGA-55-6985-01A-11D-1945-08	157	59	172	0	28	0	22	19	1
TCGA-55-6986-01A-11D-1945-08	0	0	0	0	3	3	8	4	0
TCGA-55-6987-01A-11D-1945-08	24	0	47	32	74	0	0	6	0
TCGA-55-7281-01A-11D-2036-08	126	155	22	31	25	74	19	7	3
TCGA-55-7283-01A-11D-2036-08	39	38	14	32	39	15	0	40	11
TCGA-55-7284-01B-11D-2238-08	0	3	0	0	6	8	0	20	6
TCGA-55-7570-01A-11D-2036-08	49	83	27	36	153	5	32	2	6
TCGA-55-7573-01A-11D-2036-08	0	12	15	5	3	11	4	0	1
TCGA-55-7574-01A-11D-2036-08	24	0	26	69	113	0	0	1	0
TCGA-55-7576-01A-11D-2063-08	145	73	9	18	4	91	31	20	5
TCGA-55-7724-01A-11D-2167-08	0	33	35	29	4	26	55	23	6
TCGA-55-7725-01A-11D-2167-08	49	45	0	2	6	11	15	9	4
TCGA-55-7726-01A-11D-2167-08	0	0	0	34	67	0	0	14	0
TCGA-55-7727-01A-11D-2167-08	53	64	0	91	14	11	8	16	8
TCGA-55-7903-01A-11D-2167-08	23	29	38	19	2	0	15	27	3
TCGA-55-7907-01A-11D-2167-08	579	181	57	158	161	57	16	22	0
TCGA-55-7910-01A-11D-2167-08	135	30	80	5	0	46	0	27	0
TCGA-55-7911-01A-11D-2167-08	34	103	17	12	21	42	2	11	1
TCGA-55-7913-01B-11D-2238-08	115	76	45	31	20	21	17	22	7
TCGA-55-7914-01A-11D-2167-08	77	0	0	18	16	23	22	26	0
TCGA-55-7994-01A-11D-2184-08	556	418	347	76	36	45	92	62	4
TCGA-55-7995-01A-11D-2184-08	326	0	18	76	76	119	57	1	29
TCGA-55-8085-01A-11D-2238-08	80	0	0	106	44	32	1	23	0
TCGA-55-8087-01A-11D-2238-08	0	2	0	6	2	4	1	12	0
TCGA-55-8089-01A-11D-2238-08	455	134	108	318	211	53	0	23	3
TCGA-55-8090-01A-11D-2238-08	0	37	26	2	0	6	15	6	0
TCGA-55-8091-01A-11D-2238-08	0	1	1	1	0	0	0	18	0
TCGA-55-8092-01A-11D-2238-08	134	115	106	137	0	23	17	56	14
TCGA-55-8094-01A-11D-2238-08	183	101	85	17	0	16	22	20	33
TCGA-55-8096-01A-11D-2238-08	34	31	16	1	20	28	0	15	5
TCGA-55-8097-01A-11D-2238-08	13	19	27	9	2	8	0	34	1
TCGA-55-8203-01A-11D-2238-08	195	83	84	0	11	39	8	31	1
TCGA-55-8204-01A-11D-2238-08	0	59	14	61	56	10	16	16	0
TCGA-55-8206-01A-11D-2238-08	0	1	7	4	0	0	0	11	3
TCGA-55-8208-01A-11D-2238-08	25	0	38	115	116	9	28	5	2
TCGA-55-8299-01A-11D-2284-08	1	71	88	12	0	0	14	0	4
TCGA-55-8301-01A-11D-2284-08	133	6	0	17	36	54	33	6	9
TCGA-55-8506-01A-11D-2393-08	647	232	219	28	0	2	131	484	17
TCGA-55-8507-01A-11D-2393-08	605	0	128	29	15	146	55	36	20
TCGA-55-8510-01A-11D-2393-08	94	105	30	12	40	26	7	7	3
TCGA-55-8511-01A-11D-2393-08	226	82	68	72	10	47	27	26	26
TCGA-55-8512-01A-11D-2393-08	8	5	0	3	2	17	5	0	0
TCGA-55-8514-01A-11D-2393-08	77	94	33	2	16	43	0	31	0
TCGA-55-8614-01A-11D-2393-08	0	71	8	9	66	28	20	45	0
TCGA-55-8615-01A-11D-2393-08	0	48	19	0	17	15	9	8	11
TCGA-55-8616-01A-11D-2393-08	291	67	49	5	34	30	9	37	1
TCGA-55-8620-01A-11D-2393-08	235	24	53	16	16	103	33	36	6
TCGA-55-8621-01A-11D-2393-08	15	6	14	2	6	0	5	5	0
TCGA-55-A48X-01A-11D-A24D-08	232	14	0	17	35	76	7	4	3
TCGA-55-A48Y-01A-11D-A24D-08	0	0	0	240	113	0	0	15	0
TCGA-55-A48Z-01A-12D-A24P-08	4	7	8	3	3	5	8	14	5
TCGA-55-A490-01A-11D-A24D-08	587	387	187	99	38	13	24	32	4
TCGA-55-A491-01A-11D-A24D-08	153	71	48	24	25	6	35	21	12
TCGA-55-A492-01A-11D-A24D-08	117	42	7	17	0	52	40	10	5
TCGA-55-A493-01A-11D-A24D-08	100	18	1	70	0	36	22	17	4
TCGA-55-A494-01A-11D-A24P-08	92	33	20	5	27	16	0	45	10
TCGA-55-A4DF-01A-11D-A24D-08	87	0	0	427	295	0	0	30	0
TCGA-55-A4DG-01A-11D-A24D-08	422	26	31	0	101	81	41	21	0
TCGA-55-A57B-01A-12D-A397-08	3	0	3	7	0	4	3	16	1
TCGA-62-8394-01A-11D-2323-08	0	25	0	22	57	0	1	17	15
TCGA-62-8395-01A-11D-2323-08	0	0	2	8	25	11	0	25	2
TCGA-62-8397-01A-11D-2323-08	1	0	10	3	0	0	0	8	3
TCGA-62-8398-01A-11D-2323-08	22	14	7	11	0	0	12	11	7
TCGA-62-8399-01A-21D-2323-08	164	0	37	145	160	0	0	39	4
TCGA-62-8402-01A-11D-2323-08	0	7	0	7	1	17	5	16	4
TCGA-62-A46O-01A-11D-A24D-08	352	107	111	141	76	47	60	32	9
TCGA-62-A46P-01A-11D-A24D-08	128	55	53	5	0	0	15	27	1
TCGA-62-A46R-01A-11D-A24D-08	22	34	40	30	0	2	17	22	5
TCGA-62-A46S-01A-11D-A24D-08	24	30	22	14	4	0	0	20	12
TCGA-62-A46U-01A-11D-A24D-08	4	6	0	5	10	8	0	11	0
TCGA-62-A46V-01A-11D-A24D-08	0	0	18	8	0	6	2	18	5
TCGA-62-A46Y-01A-11D-A24D-08	4	0	0	0	4	7	0	9	8
TCGA-62-A471-01A-12D-A24D-08	0	0	12	56	20	0	18	14	3
TCGA-62-A472-01A-11D-A24D-08	0	19	0	5	0	15	6	8	4
TCGA-64-1676-01A-01D-0969-08	318	113	2	6	25	125	22	12	5
TCGA-64-1676-01A-01W-0928-08	296	132	0	9	18	118	18	11	3
TCGA-64-1677-01A-01W-0928-08	0	61	5	53	68	0	10	17	0
TCGA-64-1678-01A-01W-0928-08	283	29	0	39	0	56	13	7	10
TCGA-64-1679-01A-21D-2063-08	230	137	29	17	56	47	0	9	2
TCGA-64-1680-01A-02D-0969-08	0	0	0	9	14	16	0	13	0
TCGA-64-1680-01A-02W-0928-08	1	0	4	10	5	10	0	12	4
TCGA-64-1681-01A-11D-2063-08	0	2	0	6	23	8	0	4	22
TCGA-64-5774-01A-01D-1625-08	56	31	23	3	7	0	10	14	0
TCGA-64-5775-01A-01D-1625-08	259	87	43	22	0	50	12	30	3
TCGA-64-5778-01A-01D-1625-08	267	46	0	35	0	82	41	13	2
TCGA-64-5781-01A-01D-1625-08	429	275	30	123	40	210	11	20	14
TCGA-64-5815-01A-01D-1625-08	49	45	28	0	13	24	0	22	0
TCGA-67-3770-01A-01D-0969-08	93	47	0	7	0	30	41	13	2
TCGA-67-3770-01A-01W-0928-08	95	38	0	6	11	22	39	14	1
TCGA-67-3771-01A-01D-1040-01	231	126	113	254	248	44	88	30	6
TCGA-67-3771-01A-01W-0928-08	169	165	147	249	256	70	78	28	19
TCGA-67-3773-01A-01D-1040-01	24	45	0	5	0	3	8	14	3
TCGA-67-3774-01A-01D-1040-01	21	16	22	7	1	35	9	6	1
TCGA-67-3774-01A-01W-0928-08	16	8	26	0	8	31	9	4	1
TCGA-67-4679-01B-01D-1753-08	99	76	24	6	7	56	0	16	8
TCGA-67-6215-01A-11D-1753-08	0	0	0	0	0	0	6	1	102
TCGA-67-6216-01A-11D-1753-08	0	0	0	8	1	13	2	2	0
TCGA-67-6217-01A-11D-1753-08	88	12	35	5	4	21	6	10	11
TCGA-69-7760-01A-11D-2167-08	15	0	2	6	0	0	14	18	16
TCGA-69-7764-01A-11D-2167-08	8	23	0	9	0	4	31	16	0
TCGA-69-7765-01A-11D-2167-08	250	114	137	62	0	49	27	0	1
TCGA-69-7973-01A-11D-2184-08	128	77	22	12	0	0	0	26	0
TCGA-69-7974-01A-11D-2184-08	170	157	51	14	57	20	25	32	2
TCGA-69-7978-01A-11D-2184-08	222	12	57	113	183	0	3	26	0
TCGA-69-8253-01A-11D-2284-08	2	110	0	15	19	0	0	14	7
TCGA-69-8254-01A-11D-2284-08	5	16	1	3	1	22	7	16	4
TCGA-69-8255-01A-11D-2284-08	30	100	10	29	27	48	17	19	20
TCGA-69-A59K-01A-11D-A25L-08	353	0	0	51	6	40	20	37	1
TCGA-71-6725-01A-11D-1855-08	0	4	0	6	0	17	3	26	1
TCGA-71-8520-01A-11D-2393-08	10	0	11	13	13	0	12	28	5
TCGA-73-4658-01A-01D-1753-08	81	15	58	137	0	13	13	8	7
TCGA-73-4659-01A-01D-1265-08	43	43	65	0	33	19	0	13	6
TCGA-73-4662-01A-01D-1265-08	72	41	21	12	13	39	8	7	0
TCGA-73-4670-01A-01D-1265-08	127	75	0	14	0	69	32	14	35
TCGA-73-4675-01A-01D-1265-08	0	17	0	2	7	8	20	11	4
TCGA-73-4676-01A-01D-1753-08	0	34	5	2	3	13	20	13	8
TCGA-73-4677-01A-01D-1265-08	97	19	70	16	6	16	15	18	8
TCGA-73-7498-01A-12D-2184-08	0	54	26	0	1	13	0	16	7
TCGA-75-5122-01A-01D-1753-08	24	22	0	13	31	17	11	16	0
TCGA-75-5125-01A-01D-1753-08	17	14	36	28	36	0	12	15	6
TCGA-75-5126-01A-01D-1753-08	259	0	73	121	126	14	5	18	6
TCGA-75-5146-01A-01D-1625-08	40	98	30	11	0	0	10	3	1
TCGA-75-5147-01A-01D-1625-08	0	0	0	4	18	0	1	8	5
TCGA-75-6203-01A-11D-1753-08	0	0	1	0	0	3	0	9	0
TCGA-75-6205-01A-11D-1753-08	0	0	12	2	6	9	6	2	6
TCGA-75-6206-01A-11D-1753-08	27	4	0	3	16	35	7	0	0
TCGA-75-6207-01A-11D-1753-08	4	7	0	10	17	0	11	9	0
TCGA-75-6211-01A-11D-1753-08	214	0	13	2	56	65	20	13	9
TCGA-75-6214-01A-41D-1945-08	294	25	0	132	113	122	31	18	0
TCGA-75-7025-01A-12D-1945-08	0	0	0	10	0	0	5	15	0
TCGA-75-7027-01A-11D-1945-08	96	26	17	3	22	52	14	14	6
TCGA-75-7030-01A-11D-1945-08	2	1	0	0	1	0	0	3	1
TCGA-78-7145-01A-11D-2036-08	96	7	0	1	30	47	0	13	3
TCGA-78-7146-01A-11D-2036-08	102	73	37	84	24	20	5	34	3
TCGA-78-7147-01A-11D-2036-08	38	52	110	52	12	42	26	19	12
TCGA-78-7148-01A-11D-2036-08	62	49	16	10	0	30	42	2	9
TCGA-78-7149-01A-11D-2036-08	25	9	0	64	29	0	9	12	0
TCGA-78-7150-01A-21D-2036-08	106	0	3	120	71	86	10	25	14
TCGA-78-7152-01A-11D-2036-08	10	31	33	55	68	0	1	6	2
TCGA-78-7153-01A-11D-2036-08	0	0	29	19	22	0	14	14	6
TCGA-78-7154-01A-11D-2036-08	21	21	0	85	71	0	23	38	7
TCGA-78-7155-01A-11D-2036-08	661	273	266	117	62	2	118	40	41
TCGA-78-7160-01A-11D-2036-08	0	3	0	0	17	3	14	3	1
TCGA-78-7161-01A-11D-2036-08	75	53	0	14	0	9	21	18	8
TCGA-78-7162-01A-21D-2063-08	10	21	0	11	14	18	8	3	2
TCGA-78-7163-01A-12D-2063-08	0	0	4	0	1	2	0	8	4
TCGA-78-7166-01A-12D-2063-08	167	0	0	7	0	30	18	4	14
TCGA-78-7167-01A-11D-2063-08	22	0	16	29	0	9	3	18	3
TCGA-78-7220-01A-11D-2036-08	226	239	119	112	9	104	38	14	28
TCGA-78-7535-01A-11D-2063-08	5	95	25	1	0	0	21	6	31
TCGA-78-7536-01A-11D-2063-08	227	176	91	20	0	40	46	22	31
TCGA-78-7539-01A-11D-2063-08	66	0	0	168	256	0	0	25	0
TCGA-78-7540-01A-11D-2063-08	0	0	15	1	0	0	0	14	0
TCGA-78-7542-01A-21D-2063-08	236	7	16	36	0	41	10	23	16
TCGA-78-7633-01A-11D-2063-08	1	80	0	3	5	14	2	4	0
TCGA-78-8640-01A-11D-2393-08	259	0	113	88	128	36	52	42	39
TCGA-78-8648-01A-11D-2393-08	1	3	0	0	2	1	0	0	0
TCGA-78-8655-01A-11D-2393-08	21	25	0	2	12	21	9	11	4
TCGA-78-8662-01A-11D-2393-08	586	115	28	58	128	151	92	24	44
TCGA-80-5607-01A-31D-1945-08	0	0	0	85	43	0	0	3	0
TCGA-80-5608-01A-31D-1945-08	63	36	22	6	17	17	0	19	0
TCGA-80-5611-01A-01D-1625-08	52	0	5	4	16	47	48	8	18
TCGA-83-5908-01A-21D-2284-08	72	0	0	46	107	10	0	10	0
TCGA-86-6562-01A-11D-1753-08	0	0	9	6	20	0	0	12	6
TCGA-86-6851-01A-11D-1945-08	303	231	87	47	178	9	63	0	0
TCGA-86-7701-01A-11D-2167-08	62	70	25	5	3	0	21	14	4
TCGA-86-7711-01A-11D-2063-08	70	0	0	35	43	30	28	14	11
TCGA-86-7713-01A-11D-2063-08	14	69	23	3	6	33	0	8	4
TCGA-86-7954-01A-11D-2184-08	44	46	0	26	30	23	19	28	4
TCGA-86-7955-01A-11D-2184-08	94	79	0	29	17	60	11	20	18
TCGA-86-8055-01A-11D-2238-08	0	0	0	4	4	15	0	13	8
TCGA-86-8056-01A-11D-2238-08	25	43	0	147	33	15	3	21	0
TCGA-86-8073-01A-11D-2238-08	974	120	0	97	35	211	97	12	7
TCGA-86-8074-01A-11D-2238-08	5	0	5	3	6	22	2	9	19
TCGA-86-8075-01A-11D-2238-08	0	1	4	3	3	0	8	21	2
TCGA-86-8076-01A-31D-2238-08	0	10	7	16	17	5	3	9	0
TCGA-86-8279-01A-11D-2284-08	323	0	65	21	9	28	73	14	10
TCGA-86-8280-01A-11D-2284-08	0	1	0	2	1	26	9	9	0
TCGA-86-8281-01A-11D-2284-08	99	51	21	19	26	0	28	23	0
TCGA-86-8359-01A-11D-2323-08	52	46	24	8	3	13	0	19	5
TCGA-86-8585-01A-11D-2393-08	187	53	114	66	117	0	32	14	11
TCGA-86-8668-01A-11D-2393-08	2	0	0	3	8	0	3	13	2
TCGA-86-8671-01A-11D-2393-08	2	0	0	1	9	10	1	5	5
TCGA-86-8672-01A-21D-2393-08	90	88	25	37	0	46	0	20	9
TCGA-86-8673-01A-11D-2393-08	176	72	26	25	30	99	46	9	6
TCGA-86-8674-01A-21D-2393-08	161	30	25	40	0	33	6	3	6
TCGA-86-A456-01A-11D-A24D-08	214	11	0	34	0	37	54	11	3
TCGA-86-A4JF-01A-11D-A24P-08	291	0	0	121	13	0	507	366	24
TCGA-86-A4P7-01A-11D-A24P-08	0	0	3	13	31	9	0	4	0
TCGA-91-6828-01A-11D-1855-08	155	0	0	10	47	44	0	13	7
TCGA-91-6829-01A-21D-1855-08	69	247	148	35	54	29	54	8	20
TCGA-91-6830-01A-11D-1945-08	0	0	0	125	97	0	0	0	0
TCGA-91-6831-01A-11D-1855-08	81	0	62	1	48	35	42	4	4
TCGA-91-6835-01A-11D-1855-08	7	0	13	10	21	9	10	6	2
TCGA-91-6836-01A-21D-1855-08	114	136	123	23	0	42	11	21	0
TCGA-91-6840-01A-11D-1945-08	0	0	5	44	62	0	0	13	0
TCGA-91-6847-01A-11D-1945-08	3	6	0	8	21	10	0	25	1
TCGA-91-6848-01A-11D-1945-08	202	0	107	63	109	43	73	3	3
TCGA-91-6849-01A-11D-1945-08	0	47	44	9	0	1	3	9	4
TCGA-91-7771-01A-11D-2167-08	0	93	0	14	30	26	18	7	6
TCGA-91-A4BC-01A-11D-A24D-08	239	0	47	8	41	81	9	12	18
TCGA-91-A4BD-01A-11D-A24D-08	0	0	0	5	0	0	8	10	0
TCGA-93-7347-01A-11D-2184-08	34	42	0	8	7	16	12	3	0
TCGA-93-7348-01A-21D-2036-08	6	19	28	19	0	2	13	20	5
TCGA-93-8067-01A-11D-2284-08	33	0	1	373	123	0	0	22	0
TCGA-93-8067-01C-01D-A38P-08	24	0	9	208	35	0	4	6	0
TCGA-93-8067-01D-01D-A38P-08	29	0	10	140	0	0	5	5	0
TCGA-93-A4JO-01A-21D-A24P-08	0	0	6	1	26	0	8	0	9
TCGA-93-A4JP-01A-11D-A24P-08	0	0	23	21	0	0	0	7	4
TCGA-93-A4JP-01D-01D-A38P-08	4	0	34	32	10	0	0	31	5
TCGA-93-A4JP-01E-01D-A38P-08	0	0	43	29	10	0	0	20	2
TCGA-95-7039-01A-11D-1945-08	367	331	359	66	0	12	84	36	37
TCGA-95-7043-01A-11D-1945-08	570	197	90	43	64	110	10	53	0
TCGA-95-7562-01A-11D-2238-08	218	60	62	6	15	11	9	20	0
TCGA-95-7567-01A-11D-2063-08	282	0	0	18	0	0	413	193	33
TCGA-95-7944-01A-11D-2184-08	0	0	0	142	114	0	0	7	0
TCGA-95-7947-01A-11D-2184-08	20	82	125	205	51	17	56	21	0
TCGA-95-7948-01A-11D-2184-08	0	0	0	96	38	0	0	10	0
TCGA-95-8494-01A-11D-2323-08	7	0	2	69	0	0	0	33	1
TCGA-95-A4VK-01A-11D-A25L-08	136	31	10	10	2	52	7	24	2
TCGA-95-A4VN-01A-11D-A25L-08	164	131	69	21	53	27	0	10	7
TCGA-97-7547-01A-11D-2036-08	34	0	46	26	53	3	0	13	0
TCGA-97-7552-01A-11D-2036-08	0	0	10	0	0	0	3	12	6
TCGA-97-7553-01A-21D-2036-08	11	0	0	2	0	16	0	16	0
TCGA-97-7554-01A-11D-2036-08	142	116	74	22	0	29	53	13	2
TCGA-97-7938-01A-11D-2167-08	190	70	36	36	43	0	24	19	0
TCGA-97-8171-01A-11D-2284-08	3	0	8	0	6	12	5	21	0
TCGA-97-8174-01A-11D-2284-08	74	1	6	12	27	19	3	25	2
TCGA-97-8175-01A-11D-2284-08	0	0	9	4	0	13	0	3	1
TCGA-97-8177-01A-11D-2284-08	0	0	0	3	0	22	1	5	3
TCGA-97-8552-01A-11D-2393-08	0	1	0	0	2	15	0	5	0
TCGA-97-A4LX-01A-11D-A24P-08	62	51	25	3	11	2	26	1	6
TCGA-97-A4M0-01A-11D-A24P-08	112	85	67	57	46	0	34	1	4
TCGA-97-A4M1-01A-11D-A24P-08	0	3	8	9	6	0	0	16	1
TCGA-97-A4M3-01A-11D-A24P-08	94	19	38	31	8	0	14	11	3
TCGA-97-A4M6-01A-11D-A24P-08	3	0	0	3	4	0	15	6	2
TCGA-97-A4M7-01A-11D-A24P-08	195	0	48	13	0	30	23	7	0
TCGA-99-7458-01A-11D-2036-08	195	110	37	7	28	54	51	16	0
TCGA-99-8025-01A-11D-2238-08	74	85	88	121	80	0	24	43	1
TCGA-99-8028-01A-11D-2238-08	240	0	82	7	3	10	50	0	9
TCGA-99-8033-01A-11D-2238-08	70	9	10	10	5	34	27	13	0
TCGA-99-AA5R-01A-11D-A397-08	5	4	26	2	0	5	0	0	0
TCGA-J2-8192-01A-11D-2238-08	0	0	26	10	6	7	1	23	1
TCGA-J2-8194-01A-11D-2238-08	0	48	61	8	0	10	4	23	4
TCGA-J2-A4AD-01A-11D-A24D-08	61	0	4	84	150	0	22	13	11
TCGA-J2-A4AE-01A-21D-A24D-08	0	0	0	8	23	8	1	16	0
TCGA-J2-A4AG-01A-11D-A24D-08	10	34	0	4	6	9	8	8	2
TCGA-L4-A4E5-01A-11D-A24P-08	213	33	0	13	0	70	11	11	12
TCGA-L4-A4E6-01A-11D-A24D-08	2	1	0	0	5	0	0	0	0
TCGA-L9-A443-01A-12D-A24D-08	77	88	7	7	21	34	11	5	5
TCGA-L9-A50W-01A-12D-A397-08	3	0	0	10	0	10	4	2	4
TCGA-L9-A5IP-01A-21D-A397-08	151	28	39	22	0	36	18	8	0
TCGA-L9-A743-01A-43D-A397-08	16	0	43	44	11	0	5	2	0
TCGA-L9-A7SV-01A-11D-A397-08	1109	303	172	54	0	20	43	33	3
TCGA-L9-A8F4-01A-11D-A397-08	331	188	16	25	115	63	31	20	31
TCGA-MN-A4N1-01A-11D-A24P-08	163	121	44	8	73	19	0	34	10
TCGA-MN-A4N4-01A-12D-A24P-08	576	138	233	296	205	0	28	33	19
TCGA-MN-A4N5-01A-11D-A24P-08	192	104	48	46	10	6	47	13	10
TCGA-MP-A4SV-01A-11D-A24P-08	76	0	72	95	85	0	13	12	0
TCGA-MP-A4SW-01A-21D-A24P-08	2	6	7	12	3	8	0	29	0
TCGA-MP-A4T2-01A-11D-A24P-08	8	8	0	20	18	6	22	6	0
TCGA-MP-A4T4-01A-11D-A25L-08	153	73	75	24	23	0	26	16	11
TCGA-MP-A4T6-01A-32D-A25L-08	1	0	0	19	15	15	9	18	1
TCGA-MP-A4T7-01A-11D-A24P-08	33	46	43	4	0	0	0	14	1
TCGA-MP-A4T8-01A-11D-A24P-08	2	48	33	10	0	0	10	10	1
TCGA-MP-A4T9-01A-11D-A24P-08	0	0	12	3	6	6	3	4	1
TCGA-MP-A4TA-01A-21D-A24P-08	134	69	0	15	34	34	57	19	8
TCGA-MP-A4TC-01A-11D-A24P-08	88	81	28	27	0	17	24	6	0
TCGA-MP-A4TD-01A-32D-A25L-08	23	14	0	2	3	25	9	8	0
TCGA-MP-A4TE-01A-22D-A25L-08	18	43	28	3	0	6	0	43	3
TCGA-MP-A4TF-01A-11D-A25L-08	219	30	36	16	22	72	12	15	13
TCGA-MP-A4TH-01A-31D-A25L-08	16	31	12	1	11	8	16	13	5
TCGA-MP-A4TK-01A-11D-A24P-08	85	142	58	45	17	1	7	10	2
TCGA-NJ-A4YF-01A-12D-A25L-08	415	0	0	12	41	144	22	2	9
TCGA-NJ-A4YP-01A-11D-A25L-08	95	11	16	403	14	35	3	3	8
TCGA-NJ-A4YQ-01A-11D-A25L-08	326	403	275	27	0	0	89	17	7
TCGA-NJ-A55R-01A-11D-A25L-08	115	0	77	14	1	36	34	4	2
TCGA-NJ-A7XG-01A-12D-A397-08	6	1	2	0	2	7	0	15	0
TCGA-O1-A52J-01A-11D-A25L-08	52	88	0	5	11	0	16	16	0
TCGA-S2-AA1A-01A-12D-A397-08	58	27	0	0	8	25	4	6	0
