Samples	SBS96A	SBS96B	SBS96C	SBS96D	SBS96E	SBS96F	SBS96G
TCGA-4N-A93T-01A-11D-A36X-10	2	26	8	5	15	32	12
TCGA-5M-AAT4-01A-11D-A40P-10	20	32	7	11	0	0	110
TCGA-5M-AAT5-01A-21D-A40P-10	9	31	0	6	0	13	16
TCGA-5M-AAT6-01A-11D-A40P-10	609	646	0	0	644	0	0
TCGA-5M-AATA-01A-31D-A40P-10	14	37	9	1	0	2	18
TCGA-5M-AATE-01A-11D-A40P-10	12	46	6	6	0	23	49
TCGA-A6-2671-01A-01D-1408-10	17	27	6	4	0	7	25
TCGA-A6-2672-01B-03D-2298-08	352	168	0	0	566	56	13
TCGA-A6-2675-01A-02D-1719-10	12	48	0	1	3	3	34
TCGA-A6-2677-01A-01D-A270-10	5	62	20	1	12	40	3
TCGA-A6-2677-01B-02D-A270-10	7	49	24	1	10	38	3
TCGA-A6-2678-01A-01D-1953-10	2	7	7	1	0	8	0
TCGA-A6-2679-01A-02D-1408-10	38	43	19	0	0	20	38
TCGA-A6-2681-01A-01D-1408-10	0	64	0	2	29	33	27
TCGA-A6-2682-01A-01D-1408-10	0	16	19	0	10	35	0
TCGA-A6-2683-01A-01D-1953-10	0	18	0	0	7	13	0
TCGA-A6-2684-01A-01D-A270-10	9	41	10	0	0	37	20
TCGA-A6-2684-01C-08D-A270-10	12	41	11	0	0	32	9
TCGA-A6-2685-01A-01D-1408-10	0	16	2	2	3	19	11
TCGA-A6-2686-01A-01D-1408-10	992	528	29	0	301	175	0
TCGA-A6-3807-01A-01W-0995-10	0	6	22	0	0	50	26
TCGA-A6-3808-01A-01W-0995-10	37	35	12	3	0	26	29
TCGA-A6-3810-01A-01D-A270-10	0	41	11	0	19	47	52
TCGA-A6-4105-01A-02D-1771-10	39	50	0	2	0	36	47
TCGA-A6-4107-01A-02D-1408-10	16	73	0	9	18	68	11
TCGA-A6-5656-01A-21D-1835-10	4	59	14	0	1	21	5
TCGA-A6-5656-01A-21D-A270-10	2	67	14	0	5	12	10
TCGA-A6-5657-01A-01D-1650-10	0	41	15	1	1	61	6
TCGA-A6-5659-01A-01D-1650-10	0	66	21	8	24	80	0
TCGA-A6-5659-01A-01D-A270-10	0	77	20	10	25	80	0
TCGA-A6-5659-01B-04D-A270-10	2	47	29	6	19	82	0
TCGA-A6-5660-01A-01D-1650-10	3	53	10	2	10	18	32
TCGA-A6-5661-01A-01D-1650-10	616	380	11	16	109	64	0
TCGA-A6-5662-01A-01D-1650-10	5	13	11	0	0	17	14
TCGA-A6-5664-01A-21D-1835-10	0	20	0	6	8	9	8
TCGA-A6-5665-01A-01D-1650-10	678	359	0	0	588	0	43
TCGA-A6-5666-01A-01D-1650-10	0	47	4	10	10	20	1
TCGA-A6-5667-01A-21D-1719-10	0	16	5	0	6	41	0
TCGA-A6-6138-01A-11D-1771-10	8	34	6	1	11	45	11
TCGA-A6-6142-01A-11D-1771-10	0	29	0	0	7	44	0
TCGA-A6-6649-01A-11D-1771-10	18	43	4	3	6	39	3
TCGA-A6-6651-01A-21D-1835-10	10	17	0	0	0	29	31
TCGA-A6-6652-01A-11D-1771-10	8	18	0	0	14	34	11
TCGA-A6-6653-01A-11D-1771-10	308	410	0	0	236	117	0
TCGA-A6-6654-01A-21D-1835-10	0	155	0	6	0	28	11
TCGA-A6-6782-01A-11D-1835-10	11	18	16	12	0	45	47
TCGA-A6-A567-01A-31D-A28G-10	0	22	6	5	8	22	0
TCGA-A6-A56B-01A-31D-A28G-10	3	50	10	1	0	15	18
TCGA-A6-A5ZU-01A-11D-A28G-10	22	33	12	2	0	4	30
TCGA-AA-3489-01A-21D-1835-10	2	17	7	11	4	51	7
TCGA-AA-3492-01A-01D-1408-10	1027	443	64	0	378	0	132
TCGA-AA-3494-01A-01D-1408-10	0	34	0	3	2	9	43
TCGA-AA-3495-01A-01D-1408-10	10	52	3	8	0	32	19
TCGA-AA-3496-01A-21D-1835-10	8	43	8	5	0	15	18
TCGA-AA-3502-01A-01D-1408-10	11	100	37	1	0	42	9
TCGA-AA-3506-01A-01D-2188-10	0	96	14	2	12	45	0
TCGA-AA-3509-01A-01D-1408-10	0	46	6	0	0	23	18
TCGA-AA-3511-01A-21D-1835-10	0	17	18	3	8	29	39
TCGA-AA-3514-01A-02D-1953-10	0	26	0	2	0	3	0
TCGA-AA-3517-01A-01D-1953-10	0	6	0	0	0	6	3
TCGA-AA-3519-01A-02D-1953-10	7	5	11	0	0	3	0
TCGA-AA-3520-01A-01D-1953-10	2	14	0	1	5	0	6
TCGA-AA-3521-01A-01D-1953-10	0	8	0	3	0	0	4
TCGA-AA-3522-01A-01W-0831-10	0	7	3	1	5	9	0
TCGA-AA-3524-01A-02D-1953-10	1	3	1	0	1	7	0
TCGA-AA-3529-01A-02D-1953-10	1	13	0	0	0	7	0
TCGA-AA-3530-01A-01W-0995-10	1	43	0	3	8	25	16
TCGA-AA-3532-01A-01D-1953-10	0	2	2	0	8	1	5
TCGA-AA-3534-01A-01D-1953-10	1	18	0	0	2	5	5
TCGA-AA-3538-01A-01D-1953-10	3	4	0	0	0	6	3
TCGA-AA-3544-01A-01D-1953-10	8	8	6	0	0	3	0
TCGA-AA-3548-01A-01D-1953-10	0	16	2	0	2	3	0
TCGA-AA-3549-01A-02D-1953-10	3	7	2	0	6	0	0
TCGA-AA-3561-01A-01D-1953-10	2	10	0	0	0	5	0
TCGA-AA-3655-01A-02D-1719-10	29	30	5	0	0	14	9
TCGA-AA-3660-01A-01D-1719-10	27	35	19	2	0	40	0
TCGA-AA-3662-01A-01D-1719-10	0	32	0	6	5	40	0
TCGA-AA-3663-01A-01D-1719-10	943	0	0	0	842	52	48
TCGA-AA-3664-01A-01W-0900-09	0	68	7	0	22	62	0
TCGA-AA-3666-01A-02W-0900-09	13	5	9	6	19	0	135
TCGA-AA-3667-01A-01W-0900-09	21	10	4	0	0	5	27
TCGA-AA-3672-01A-01W-0900-09	973	222	40	0	277	0	154
TCGA-AA-3673-01A-01W-0900-09	1	31	0	3	6	4	28
TCGA-AA-3675-01A-02W-0900-09	1	51	3	3	0	34	8
TCGA-AA-3678-01A-01W-0900-09	0	32	10	1	3	9	16
TCGA-AA-3679-01A-02W-0900-09	3	26	0	0	0	16	29
TCGA-AA-3680-01A-01W-0900-09	0	51	24	3	7	24	0
TCGA-AA-3681-01A-01W-0900-09	0	54	4	1	14	17	36
TCGA-AA-3685-01A-02W-0900-09	0	30	5	3	3	28	18
TCGA-AA-3688-01A-01W-0900-09	0	19	1	8	11	31	5
TCGA-AA-3693-01A-01W-0900-09	2	20	0	0	7	65	66
TCGA-AA-3696-01A-01W-0900-09	13	32	0	10	1	30	5
TCGA-AA-3697-01A-01D-1719-10	5	23	14	5	3	37	117
TCGA-AA-3712-01A-21D-1719-10	0	0	10	15	0	60	74
TCGA-AA-3713-01A-21D-1719-10	541	251	22	8	6	0	111
TCGA-AA-3812-01A-01W-0900-09	0	32	17	0	21	31	17
TCGA-AA-3814-01A-01W-0900-09	7	44	0	9	8	29	10
TCGA-AA-3815-01A-01W-0995-10	198	183	0	0	449	48	0
TCGA-AA-3818-01A-01W-0900-09	10	35	11	13	3	34	46
TCGA-AA-3831-01A-01W-0900-09	8	30	20	4	1	6	36
TCGA-AA-3833-01A-01W-0900-09	308	170	0	0	99	31	0
TCGA-AA-3841-01A-01W-0900-09	0	27	0	4	0	11	33
TCGA-AA-3842-01A-01W-0995-10	0	28	6	0	14	53	0
TCGA-AA-3844-01A-01W-0995-10	0	7	2	0	21	58	40
TCGA-AA-3845-01A-01D-1981-10	385	243	0	0	286	49	5
TCGA-AA-3845-01A-01W-0995-10	337	174	3	0	310	62	0
TCGA-AA-3846-01A-01W-0995-10	3	21	8	1	1	25	38
TCGA-AA-3848-01A-01W-0900-09	6	60	7	0	11	61	13
TCGA-AA-3851-01A-01W-0995-10	0	41	4	0	20	22	5
TCGA-AA-3855-01A-01W-0995-10	2	49	0	6	8	31	49
TCGA-AA-3856-01A-01W-0900-09	1	22	9	0	0	19	11
TCGA-AA-3858-01A-01W-0900-09	0	32	6	0	3	21	0
TCGA-AA-3860-01A-02W-0900-09	0	9	0	0	13	31	0
TCGA-AA-3861-01A-01W-0995-10	3	61	3	6	8	40	0
TCGA-AA-3862-01A-01W-0995-10	5	11	0	6	3	0	71
TCGA-AA-3864-01A-01D-1981-10	1334	1420	47	4	74	0	0
TCGA-AA-3866-01A-01W-0995-10	10	48	11	0	0	34	19
TCGA-AA-3867-01A-01W-0995-10	0	28	1	4	4	29	32
TCGA-AA-3869-01A-01W-0995-10	6	23	17	0	5	28	0
TCGA-AA-3870-01A-01W-0995-10	17	48	5	4	7	37	8
TCGA-AA-3875-01A-01W-0900-09	7	44	18	0	0	55	5
TCGA-AA-3930-01A-01W-0995-10	20	10	26	2	0	91	58
TCGA-AA-3939-01A-01W-0995-10	1	38	15	0	0	53	12
TCGA-AA-3941-01A-01W-0995-10	5	40	11	1	4	21	29
TCGA-AA-3952-01A-01W-0995-10	2	21	0	3	8	47	11
TCGA-AA-3955-01A-02W-0995-10	0	6	0	5	5	21	96
TCGA-AA-3956-01A-02W-0995-10	0	33	11	0	20	32	36
TCGA-AA-3967-01A-01W-1073-09	15	40	0	6	0	68	27
TCGA-AA-3968-01A-01W-0995-10	0	35	7	6	9	27	43
TCGA-AA-3971-01A-01W-0995-10	0	15	6	0	5	35	27
TCGA-AA-3972-01A-01W-0995-10	0	24	9	0	11	50	0
TCGA-AA-3977-01A-01D-1981-10	308	93	1621	2622	0	0	0
TCGA-AA-3977-01A-01W-0995-10	142	118	1429	2216	0	0	0
TCGA-AA-3979-01A-01W-0995-10	12	19	13	3	2	0	101
TCGA-AA-3980-01A-02W-0995-10	2	31	13	3	3	23	28
TCGA-AA-3982-01A-02W-0995-10	5	24	22	0	0	4	70
TCGA-AA-3984-01A-02D-1981-10	34	102	3598	1812	0	106	0
TCGA-AA-3984-01A-02W-0995-10	4	74	3055	1642	0	133	6
TCGA-AA-3986-01A-02W-0995-10	4	46	0	10	0	25	7
TCGA-AA-3989-01A-01W-0995-10	23	39	0	4	12	24	13
TCGA-AA-A004-01A-01W-A00E-09	10	24	0	1	0	14	20
TCGA-AA-A00O-01A-02W-A00E-09	6	20	0	1	18	42	0
TCGA-AA-A00Z-01A-01D-A17O-10	0	4	0	0	3	2	2
TCGA-AA-A010-01A-01D-A17O-10	1421	302	2895	4195	0	0	0
TCGA-AA-A010-01A-01W-A00E-09	975	240	2521	4017	123	0	19
TCGA-AA-A017-01A-01W-A00E-09	0	18	3	0	0	22	8
TCGA-AA-A01C-01A-01W-A00E-09	0	19	0	5	4	28	21
TCGA-AA-A01I-01A-02W-A00E-09	13	39	5	8	0	29	17
TCGA-AA-A01K-01A-01W-A00E-09	9	5	0	3	15	50	57
TCGA-AA-A01P-01A-21D-A17O-10	344	238	14	0	199	17	28
TCGA-AA-A01P-01A-21W-A096-10	148	125	6	0	189	65	24
TCGA-AA-A01S-01A-21W-A096-10	10	23	0	4	0	16	10
TCGA-AA-A01T-01A-21W-A096-10	3	19	4	1	6	50	13
TCGA-AA-A01V-01A-23W-A096-10	15	36	17	5	0	16	35
TCGA-AA-A01X-01A-21W-A096-10	0	31	0	3	9	27	3
TCGA-AA-A01Z-01A-11W-A096-10	0	41	5	0	13	26	10
TCGA-AA-A022-01A-21D-A17O-10	655	544	51	0	173	0	55
TCGA-AA-A022-01A-21W-A096-10	529	420	48	0	193	0	71
TCGA-AA-A024-01A-02W-A00E-09	6	28	5	1	4	15	20
TCGA-AA-A029-01A-01W-A00E-09	0	29	6	7	5	38	0
TCGA-AA-A02E-01A-01W-A00E-09	0	17	3	2	28	51	61
TCGA-AA-A02H-01A-01W-A00E-09	9	18	11	6	0	29	0
TCGA-AA-A02J-01A-01W-A00E-09	3	8	27	6	2	33	48
TCGA-AA-A02K-01A-21W-A096-10	18	29	8	0	16	33	35
TCGA-AA-A02O-01A-21W-A096-10	0	72	6	0	17	54	16
TCGA-AA-A02R-01A-01W-A00E-09	404	150	0	0	374	81	55
TCGA-AA-A02W-01A-01W-A00E-09	14	32	1	2	2	17	27
TCGA-AA-A02Y-01A-43W-A096-10	0	31	22	6	3	39	11
TCGA-AA-A03J-01A-21W-A096-10	0	30	11	1	17	42	0
TCGA-AD-6548-01A-11D-1835-10	0	47	2	0	17	63	0
TCGA-AD-6888-01A-11D-1924-10	13	57	15	0	2	6	12
TCGA-AD-6889-01A-11D-1924-10	845	296	0	0	374	123	0
TCGA-AD-6890-01A-11D-1924-10	2	61	2	6	0	23	17
TCGA-AD-6895-01A-11D-1924-10	765	293	145	0	61	231	241
TCGA-AD-6901-01A-11D-1924-10	27	53	28	9	19	83	51
TCGA-AD-6963-01A-11D-1924-10	7	20	0	0	4	5	39
TCGA-AD-6964-01A-11D-1924-10	833	0	0	0	551	239	0
TCGA-AD-6965-01A-11D-1924-10	18	53	6	5	5	19	27
TCGA-AD-A5EJ-01A-11D-A28G-10	735	224	0	0	361	99	19
TCGA-AD-A5EK-01A-11D-A28G-10	19	27	0	4	0	37	17
TCGA-AM-5820-01A-01D-1650-10	5	26	0	6	0	1	28
TCGA-AU-3779-01A-01D-1719-10	11	49	0	11	0	30	13
TCGA-AU-6004-01A-11D-1719-10	306	313	16	0	259	0	0
TCGA-AY-4071-01A-01W-1073-09	0	12	17	0	8	39	45
TCGA-AY-5543-01A-01D-1650-10	6	42	5	7	16	26	17
TCGA-AY-6197-01A-11D-1719-10	406	45	0	0	577	44	0
TCGA-AY-6386-01A-21D-1719-10	0	49	9	0	15	39	0
TCGA-AY-A54L-01A-11D-A28G-10	29	27	14	4	7	42	25
TCGA-AY-A69D-01A-11D-A36X-10	1	76	23	12	19	70	6
TCGA-AY-A71X-01A-12D-A36X-10	9	40	16	0	0	8	13
TCGA-AY-A8YK-01A-11D-A40P-10	25	27	5	2	3	9	8
TCGA-AZ-4308-01A-01D-1408-10	0	9	14	0	12	29	4
TCGA-AZ-4313-01A-01D-1408-10	105	983	0	0	76	14	0
TCGA-AZ-4315-01A-01D-1408-10	157	101	4723	2089	142	0	0
TCGA-AZ-4614-01A-01D-1408-10	0	29	0	0	39	38	85
TCGA-AZ-4615-01A-01D-1408-10	345	243	0	0	335	51	0
TCGA-AZ-4681-01A-01D-1408-10	1	28	1	0	4	24	21
TCGA-AZ-5403-01A-01D-1650-10	9	12	8	8	0	12	28
TCGA-AZ-5407-01A-01D-1719-10	9	42	0	6	0	19	26
TCGA-AZ-6598-01A-11D-1771-10	1357	496	77	0	197	0	48
TCGA-AZ-6599-01A-11D-1771-10	27	0	45	0	0	188	3
TCGA-AZ-6600-01A-11D-1771-10	2	40	6	10	11	31	42
TCGA-AZ-6601-01A-11D-1771-10	964	1070	0	0	246	102	0
TCGA-AZ-6603-01A-11D-1835-10	0	28	17	0	6	24	0
TCGA-AZ-6605-01A-11D-1835-10	10	19	21	0	13	34	7
TCGA-AZ-6606-01A-11D-1835-10	5	47	0	2	11	60	16
TCGA-AZ-6608-01A-11D-1835-10	1	4	10	0	12	0	123
TCGA-CA-5254-01A-21D-1835-10	23	78	0	2	11	60	29
TCGA-CA-5255-01A-11D-1835-10	6	8	7	1	3	15	4
TCGA-CA-5256-01A-01D-1408-10	6	44	0	3	8	19	0
TCGA-CA-5797-01A-01D-1650-10	6	11	1	0	4	44	0
TCGA-CA-6715-01A-21D-1835-10	1	29	7	6	13	22	5
TCGA-CA-6718-01A-11D-1835-10	0	0	1216	2641	0	60	0
TCGA-CA-6719-01A-11D-1835-10	3	53	10	5	20	23	0
TCGA-CK-4948-01B-11D-1650-10	10	43	0	3	1	21	30
TCGA-CK-5912-01A-11D-1650-10	8	17	7	0	0	4	21
TCGA-CK-5913-01A-11D-1650-10	240	255	0	0	226	64	0
TCGA-CK-5914-01A-11D-1650-10	17	45	12	5	0	7	56
TCGA-CK-5915-01A-11D-1650-10	0	46	0	0	17	21	4
TCGA-CK-5916-01A-11D-1650-10	529	426	0	0	360	70	0
TCGA-CK-6746-01A-11D-1835-10	550	166	0	0	336	0	72
TCGA-CK-6747-01A-11D-1835-10	6	67	21	0	0	21	11
TCGA-CM-4743-01A-01D-1719-10	412	280	0	0	293	90	39
TCGA-CM-4744-01A-01D-1408-10	0	68	1	10	10	60	0
TCGA-CM-4746-01A-01D-1408-10	300	391	4	17	10	0	0
TCGA-CM-4747-01A-01D-1408-10	20	45	1	1	0	14	19
TCGA-CM-4751-01A-02D-1835-10	23	46	0	0	0	0	25
TCGA-CM-4752-01A-01D-1408-10	0	60	9	4	20	38	0
TCGA-CM-5341-01A-01D-1408-10	0	62	0	1	6	34	58
TCGA-CM-5348-01A-21D-1719-10	0	38	42	0	0	15	92
TCGA-CM-5349-01A-21D-1719-10	0	54	18	0	9	21	2
TCGA-CM-5860-01A-01D-1650-10	0	44	10	2	11	50	0
TCGA-CM-5861-01A-01D-1650-10	676	94	0	0	556	0	86
TCGA-CM-5862-01A-01D-1650-10	5	37	0	2	7	7	33
TCGA-CM-5864-01A-01D-1650-10	30	17	19	4	19	51	67
TCGA-CM-5868-01A-01D-1650-10	13	26	2	5	17	19	18
TCGA-CM-6161-01A-11D-1650-10	0	36	0	0	11	52	0
TCGA-CM-6163-01A-11D-1650-10	0	38	9	1	4	43	11
TCGA-CM-6164-01A-11D-1650-10	6	16	16	0	8	27	3
TCGA-CM-6165-01A-11D-1650-10	25	20	0	6	0	31	27
TCGA-CM-6166-01A-11D-1650-10	30	21	8	4	0	10	11
TCGA-CM-6167-01A-11D-1650-10	1	39	0	4	6	29	0
TCGA-CM-6168-01A-11D-1650-10	47	42	6	0	33	76	16
TCGA-CM-6169-01A-11D-1650-10	14	45	0	5	5	29	14
TCGA-CM-6170-01A-11D-1650-10	12	27	4	0	2	33	20
TCGA-CM-6171-01A-11D-1650-10	355	445	0	0	254	117	0
TCGA-CM-6172-01A-11D-1650-10	8	30	19	1	0	33	15
TCGA-CM-6674-01A-11D-1835-10	280	343	0	0	179	0	27
TCGA-CM-6675-01A-11D-1835-10	10	23	0	1	0	26	18
TCGA-CM-6676-01A-11D-1835-10	14	36	20	1	0	2	31
TCGA-CM-6677-01A-11D-1835-10	25	64	6	11	0	12	24
TCGA-CM-6678-01A-11D-1835-10	10	69	0	0	7	58	0
TCGA-CM-6679-01A-11D-1835-10	26	19	3	0	0	1	18
TCGA-CM-6680-01A-11D-1835-10	0	37	17	0	2	26	8
TCGA-D5-5537-01A-21D-1924-10	23	33	9	5	0	34	0
TCGA-D5-5538-01A-01D-1650-10	0	28	3	0	35	48	2
TCGA-D5-5540-01A-01D-1650-10	0	50	13	1	0	24	31
TCGA-D5-5541-01A-01D-1650-10	0	29	8	0	1	26	0
TCGA-D5-6529-01A-11D-1771-10	10	49	13	4	11	26	0
TCGA-D5-6530-01A-11D-1719-10	399	336	0	0	195	52	8
TCGA-D5-6531-01A-11D-1719-10	2	79	14	9	4	42	40
TCGA-D5-6532-01A-11D-1719-10	3	29	16	5	0	15	56
TCGA-D5-6533-01A-11D-1719-10	0	22	27	1	20	41	66
TCGA-D5-6535-01A-11D-1719-10	9	25	11	11	0	56	64
TCGA-D5-6536-01A-11D-1719-10	19	28	7	0	1	6	36
TCGA-D5-6537-01A-11D-1719-10	0	42	6	9	17	38	0
TCGA-D5-6538-01A-11D-1719-10	31	61	13	0	0	14	28
TCGA-D5-6539-01A-11D-1719-10	3	20	9	3	10	16	38
TCGA-D5-6541-01A-11D-1719-10	0	56	0	0	10	12	18
TCGA-D5-6898-01A-11D-1924-10	6	33	0	6	0	6	31
TCGA-D5-6920-01A-11D-1924-10	16	36	6	1	0	21	34
TCGA-D5-6922-01A-11D-1924-10	14	37	12	0	0	4	40
TCGA-D5-6924-01A-11D-1924-10	0	39	1	4	21	59	16
TCGA-D5-6926-01A-11D-1924-10	0	35	5	0	9	20	43
TCGA-D5-6927-01A-21D-1924-10	294	101	0	0	255	0	1
TCGA-D5-6931-01A-11D-1924-10	25	6	37	0	39	5	210
TCGA-D5-6932-01A-11D-1924-10	6	24	2	10	10	22	58
TCGA-DM-A0X9-01A-11D-A152-10	14	49	29	7	0	62	30
TCGA-DM-A0XD-01A-12D-A152-10	24	55	18	5	0	56	13
TCGA-DM-A0XF-01A-11D-A152-10	2	1	16	2	15	66	29
TCGA-DM-A1D0-01A-11D-A152-10	0	27	7	2	8	13	67
TCGA-DM-A1D4-01A-21D-A152-10	17	96	0	11	7	35	21
TCGA-DM-A1D8-01A-11D-A152-10	16	23	16	4	11	22	71
TCGA-DM-A1D9-01A-11D-A152-10	0	18	8	6	12	40	50
TCGA-DM-A1DA-01A-11D-A152-10	54	34	12	10	1	88	98
TCGA-DM-A1DB-01A-11D-A152-10	2	18	6	1	0	11	23
TCGA-DM-A1HA-01A-11D-A152-10	15	55	0	7	0	27	46
TCGA-DM-A28C-01A-11D-A16V-10	9	34	0	4	0	20	35
TCGA-DM-A28E-01A-11D-A16V-10	0	22	4	3	27	19	7
TCGA-DM-A28F-01A-11D-A16V-10	26	7	25	12	1	17	160
TCGA-DM-A28G-01A-11D-A16V-10	10	46	4	0	19	42	8
TCGA-DM-A28H-01A-11D-A16V-10	14	24	13	3	0	6	60
TCGA-DM-A28M-01A-12D-A16V-10	11	43	9	1	0	17	12
TCGA-F4-6459-01A-11D-1771-10	0	13	24	0	10	24	56
TCGA-F4-6460-01A-11D-1771-10	15	25	17	9	6	41	43
TCGA-F4-6461-01A-11D-1771-10	34	35	11	2	7	41	19
TCGA-F4-6569-01A-11D-1771-10	0	15	13	8	10	8	67
TCGA-F4-6570-01A-11D-1771-10	786	322	53	0	218	125	103
TCGA-F4-6805-01A-11D-1835-10	2	27	0	1	13	15	13
TCGA-F4-6806-01A-11D-1835-10	5	51	2	5	5	21	19
TCGA-F4-6807-01A-11D-1835-10	22	5	0	9	23	82	32
TCGA-F4-6808-01A-11D-1835-10	3	59	1	4	9	46	16
TCGA-F4-6854-01A-11D-1924-10	5	13	7	0	15	60	19
TCGA-F4-6855-01A-11D-1924-10	10	28	7	3	0	32	29
TCGA-G4-6293-01A-11D-1719-10	11	36	4	7	8	46	10
TCGA-G4-6294-01A-11D-1806-10	28	13	14	2	0	0	103
TCGA-G4-6295-01A-11D-1719-10	4	18	16	0	21	21	71
TCGA-G4-6297-01A-11D-1719-10	0	35	17	2	11	24	0
TCGA-G4-6298-01A-11D-1719-10	2	41	0	5	1	17	11
TCGA-G4-6299-01A-11D-1771-10	28	28	18	3	0	18	68
TCGA-G4-6303-01A-11D-1771-10	0	51	9	8	4	34	0
TCGA-G4-6304-01A-11D-1924-10	433	177	12	0	160	92	0
TCGA-G4-6306-01A-11D-1771-10	25	43	4	3	9	14	26
TCGA-G4-6307-01A-11D-1719-10	12	17	11	7	0	18	13
TCGA-G4-6309-01A-21D-1835-10	174	392	0	0	123	18	41
TCGA-G4-6310-01A-11D-1719-10	10	44	13	3	0	19	21
TCGA-G4-6311-01A-11D-1719-10	15	37	0	9	5	58	28
TCGA-G4-6314-01A-11D-1719-10	10	58	9	5	7	8	54
TCGA-G4-6315-01A-11D-1719-10	10	51	0	9	0	24	58
TCGA-G4-6317-01A-11D-1719-10	0	50	2	4	6	45	0
TCGA-G4-6317-02A-11D-2067-10	24	22	8	6	0	6	65
TCGA-G4-6320-01A-11D-1719-10	377	438	16	21	24	183	0
TCGA-G4-6321-01A-11D-1719-10	3	23	5	2	0	30	0
TCGA-G4-6323-01A-11D-1719-10	23	28	0	2	0	11	23
TCGA-G4-6586-01A-11D-1771-10	354	370	0	0	315	5	48
TCGA-G4-6588-01A-11D-1771-10	1069	239	0	0	580	36	99
TCGA-G4-6625-01A-21D-1771-10	3	26	4	0	4	30	45
TCGA-G4-6626-01A-11D-1771-10	17	71	0	0	0	50	2
TCGA-G4-6627-01A-11D-2188-10	0	34	0	6	3	17	29
TCGA-G4-6628-01A-11D-1835-10	1390	360	0	43	0	118	32
TCGA-NH-A50T-01A-11D-A28G-10	0	71	25	4	5	43	0
TCGA-NH-A50V-01A-11D-A28G-10	22	71	0	13	0	25	39
TCGA-NH-A6GA-01A-11D-A36X-10	1	31	9	2	0	42	6
TCGA-NH-A6GB-01A-11D-A36X-10	12	51	11	2	10	54	26
TCGA-NH-A8F7-06A-31D-A40P-10	1	45	15	4	10	26	9
TCGA-NH-A8F8-01A-72D-A40P-10	15	42	0	0	0	48	0
TCGA-QG-A5YV-01A-11D-A28G-10	21	57	9	8	0	24	52
TCGA-QG-A5YW-01A-11D-A28G-10	15	44	3	10	21	43	26
TCGA-QG-A5YX-01A-11D-A28G-10	0	59	0	5	5	27	0
TCGA-QG-A5Z2-01A-11D-A28G-10	476	296	0	0	182	75	10
TCGA-QL-A97D-01A-12D-A40P-10	39	49	16	17	6	27	80
TCGA-SS-A7HO-01A-21D-A36X-10	15	51	0	6	4	53	43
TCGA-T9-A92H-01A-11D-A36X-10	27	25	6	5	0	21	102
