Samples	SBS96A	SBS96B	SBS96C	SBS96D	SBS96E	SBS96F	SBS96G
TCGA-4N-A93T-01A-11D-A36X-10	2.44E+00	3.00E+00	1.71E+00	1.47E+00	1.37E+00	3.18E+00	1.97E+00
TCGA-5M-AAT4-01A-11D-A40P-10	2.12E+00	2.78E+00	1.33E+00	1.92E+00	1.80E+00	7.42E+00	3.94E+00
TCGA-5M-AAT5-01A-21D-A40P-10	1.69E+00	2.48E+00	5.17E-01	1.17E+00	5.00E-01	2.60E+00	2.08E+00
TCGA-5M-AAT6-01A-11D-A40P-10	8.56E+01	4.76E+01	1.91E+01	1.52E+00	9.82E+01	1.90E+00	1.13E+01
TCGA-5M-AATA-01A-31D-A40P-10	2.92E+00	2.46E+00	2.38E+00	6.53E-01	5.78E-01	2.89E+00	2.44E+00
TCGA-5M-AATE-01A-11D-A40P-10	4.90E+00	3.59E+00	1.85E+00	1.58E+00	4.33E-01	4.73E+00	4.92E+00
TCGA-A6-2671-01A-01D-1408-10	3.12E+00	3.12E+00	1.77E+00	8.83E-01	7.00E-01	4.43E+00	4.18E+00
TCGA-A6-2672-01B-03D-2298-08	6.22E+01	1.06E+01	1.29E+01	2.00E+00	7.64E+01	1.50E+00	6.30E+00
TCGA-A6-2675-01A-02D-1719-10	2.42E+00	2.38E+00	8.94E-01	5.93E-01	2.17E+00	3.52E+00	2.09E+00
TCGA-A6-2677-01A-01D-A270-10	1.51E+00	5.41E+00	2.32E+00	1.96E+00	2.91E+00	5.76E+00	3.71E+00
TCGA-A6-2677-01B-02D-A270-10	1.25E+00	2.65E+00	2.50E+00	1.56E+00	1.55E+00	4.09E+00	3.31E+00
TCGA-A6-2678-01A-01D-1953-10	7.22E-01	1.37E+00	7.45E-01	6.67E-01	0.00E+00	1.24E+00	1.35E+00
TCGA-A6-2679-01A-02D-1408-10	6.26E+00	4.22E+00	2.35E+00	4.47E-01	1.85E+00	4.63E+00	4.18E+00
TCGA-A6-2681-01A-01D-1408-10	2.26E+00	3.88E+00	2.59E+00	1.27E+00	3.72E+00	5.03E+00	4.82E+00
TCGA-A6-2682-01A-01D-1408-10	1.56E+00	2.83E+00	2.67E+00	3.00E-01	1.29E+00	2.98E+00	2.35E+00
TCGA-A6-2683-01A-01D-1953-10	1.35E+00	1.20E+00	7.64E-01	0.00E+00	1.04E+00	1.20E+00	1.33E+00
TCGA-A6-2684-01A-01D-A270-10	1.16E+00	3.88E+00	1.26E+00	0.00E+00	1.22E+00	4.57E+00	4.24E+00
TCGA-A6-2684-01C-08D-A270-10	2.15E+00	2.90E+00	4.01E-01	0.00E+00	1.19E+00	3.93E+00	2.27E+00
TCGA-A6-2685-01A-01D-1408-10	9.29E-01	2.37E+00	1.58E+00	7.37E-01	6.00E-01	3.93E+00	3.66E+00
TCGA-A6-2686-01A-01D-1408-10	4.77E+01	6.64E+01	8.83E+00	3.68E+00	3.42E+01	1.31E+01	5.33E+00
TCGA-A6-3807-01A-01W-0995-10	4.01E-01	3.33E+00	1.69E+00	3.42E-01	8.00E-01	6.92E+00	7.59E+00
TCGA-A6-3808-01A-01W-0995-10	2.96E+00	2.09E+00	1.83E+00	7.19E-01	1.74E+00	2.78E+00	3.91E+00
TCGA-A6-3810-01A-01D-A270-10	3.96E+00	4.59E+00	3.90E+00	4.27E-01	2.40E+00	6.19E+00	7.72E+00
TCGA-A6-4105-01A-02D-1771-10	2.08E+00	5.27E+00	2.17E+00	7.00E-01	4.62E+00	5.82E+00	5.22E+00
TCGA-A6-4107-01A-02D-1408-10	3.81E+00	2.92E+00	1.69E+00	2.12E+00	3.22E+00	4.52E+00	3.45E+00
TCGA-A6-5656-01A-21D-1835-10	1.00E-01	3.61E+00	1.89E+00	0.00E+00	1.24E+00	2.81E+00	1.45E+00
TCGA-A6-5656-01A-21D-A270-10	4.96E-01	3.91E+00	2.73E+00	0.00E+00	2.09E+00	4.06E+00	2.47E+00
TCGA-A6-5657-01A-01D-1650-10	1.03E+00	5.45E+00	2.93E+00	9.45E-01	3.40E+00	5.77E+00	3.54E+00
TCGA-A6-5659-01A-01D-1650-10	2.25E+00	7.08E+00	2.50E+00	3.06E+00	4.16E+00	5.16E+00	4.86E+00
TCGA-A6-5659-01A-01D-A270-10	2.95E+00	5.11E+00	2.69E+00	3.12E+00	2.59E+00	7.90E+00	2.90E+00
TCGA-A6-5659-01B-04D-A270-10	2.54E+00	6.68E+00	3.41E+00	2.11E+00	3.01E+00	7.10E+00	3.04E+00
TCGA-A6-5660-01A-01D-1650-10	2.85E+00	4.29E+00	2.97E+00	9.04E-01	1.80E+00	3.10E+00	3.41E+00
TCGA-A6-5661-01A-01D-1650-10	3.51E+01	4.43E+01	3.04E+00	2.92E+00	1.52E+01	6.69E+00	2.55E+00
TCGA-A6-5662-01A-01D-1650-10	1.62E+00	2.06E+00	2.22E+00	0.00E+00	5.59E-01	3.37E+00	2.28E+00
TCGA-A6-5664-01A-21D-1835-10	1.55E+00	1.19E+00	1.10E+00	1.45E+00	2.17E+00	1.54E+00	2.00E+00
TCGA-A6-5665-01A-01D-1650-10	7.43E+01	3.02E+01	1.59E+01	4.04E+00	8.77E+01	8.61E+00	1.42E+01
TCGA-A6-5666-01A-01D-1650-10	1.20E+00	2.77E+00	1.93E+00	2.05E+00	2.08E+00	2.64E+00	1.43E+00
TCGA-A6-5667-01A-21D-1719-10	2.48E+00	1.89E+00	2.75E+00	0.00E+00	3.00E-01	2.45E+00	2.30E+00
TCGA-A6-6138-01A-11D-1771-10	1.56E+00	3.02E+00	2.86E+00	1.11E+00	1.63E+00	4.00E+00	3.06E+00
TCGA-A6-6142-01A-11D-1771-10	1.42E+00	2.65E+00	8.95E-01	9.33E-01	7.27E-01	3.82E+00	3.56E+00
TCGA-A6-6649-01A-11D-1771-10	4.00E+00	2.53E+00	1.64E+00	6.84E-01	2.68E+00	5.64E+00	4.39E+00
TCGA-A6-6651-01A-21D-1835-10	2.41E+00	2.61E+00	6.54E-01	3.42E-01	1.89E+00	3.73E+00	2.56E+00
TCGA-A6-6652-01A-11D-1771-10	2.56E+00	2.49E+00	1.79E+00	0.00E+00	1.77E+00	3.79E+00	2.49E+00
TCGA-A6-6653-01A-11D-1771-10	3.29E+01	3.50E+01	9.59E+00	2.22E+00	2.69E+01	5.66E+00	2.00E+00
TCGA-A6-6654-01A-21D-1835-10	2.40E+00	3.67E+00	2.15E+00	8.97E-01	1.09E+00	4.11E+00	3.03E+00
TCGA-A6-6782-01A-11D-1835-10	1.60E+00	4.86E+00	2.26E+00	2.03E+00	1.78E+00	6.37E+00	5.22E+00
TCGA-A6-A567-01A-31D-A28G-10	0.00E+00	2.57E+00	1.44E+00	8.23E-01	1.06E+00	2.93E+00	1.93E+00
TCGA-A6-A56B-01A-31D-A28G-10	2.13E+00	3.27E+00	1.26E+00	6.00E-01	7.00E-01	4.20E+00	3.34E+00
TCGA-A6-A5ZU-01A-11D-A28G-10	2.43E+00	3.15E+00	2.44E+00	7.18E-01	3.43E+00	5.09E+00	3.59E+00
TCGA-AA-3489-01A-21D-1835-10	1.34E+00	4.85E+00	2.30E+00	1.67E+00	1.40E+00	4.44E+00	4.71E+00
TCGA-AA-3492-01A-01D-1408-10	5.18E+01	5.40E+01	1.17E+01	4.99E+00	6.86E+01	9.07E+00	1.05E+01
TCGA-AA-3494-01A-01D-1408-10	2.43E+00	3.03E+00	7.18E-01	7.42E-01	1.30E+00	4.69E+00	4.82E+00
TCGA-AA-3495-01A-01D-1408-10	2.48E+00	4.71E+00	3.39E+00	1.07E+00	1.38E+00	5.06E+00	3.23E+00
TCGA-AA-3496-01A-21D-1835-10	2.70E+00	3.29E+00	1.72E+00	7.75E-01	1.26E+00	3.04E+00	1.94E+00
TCGA-AA-3502-01A-01D-1408-10	2.72E+00	4.33E+00	3.19E+00	8.85E-01	1.79E+00	6.60E+00	4.33E+00
TCGA-AA-3506-01A-01D-2188-10	4.64E+00	3.63E+00	3.83E+00	6.74E-01	1.58E+00	4.38E+00	4.02E+00
TCGA-AA-3509-01A-01D-1408-10	0.00E+00	2.38E+00	1.81E+00	9.00E-01	1.00E+00	4.51E+00	2.47E+00
TCGA-AA-3511-01A-21D-1835-10	6.40E-01	3.32E+00	1.35E+00	1.97E+00	1.20E+00	4.04E+00	5.61E+00
TCGA-AA-3514-01A-02D-1953-10	1.27E+00	1.50E+00	0.00E+00	1.05E+00	6.11E-01	1.04E+00	1.42E+00
TCGA-AA-3517-01A-01D-1953-10	4.99E-01	9.29E-01	7.92E-01	0.00E+00	0.00E+00	1.04E+00	7.31E-01
TCGA-AA-3519-01A-02D-1953-10	1.89E+00	1.28E+00	1.62E+00	0.00E+00	0.00E+00	1.12E+00	7.30E-01
TCGA-AA-3520-01A-01D-1953-10	1.73E+00	1.05E+00	0.00E+00	4.82E-01	1.29E+00	4.58E-01	9.83E-01
TCGA-AA-3521-01A-01D-1953-10	0.00E+00	8.72E-01	2.00E-01	5.78E-01	4.00E-01	1.33E-01	6.83E-01
TCGA-AA-3522-01A-01W-0831-10	6.84E-01	2.11E+00	9.33E-01	3.67E-01	7.75E-01	1.62E+00	1.57E+00
TCGA-AA-3524-01A-02D-1953-10	8.82E-01	9.78E-01	7.61E-01	0.00E+00	3.42E-01	1.38E+00	7.95E-01
TCGA-AA-3529-01A-02D-1953-10	0.00E+00	1.13E+00	5.17E-01	0.00E+00	1.00E-01	1.02E+00	8.14E-01
TCGA-AA-3530-01A-01W-0995-10	2.24E+00	2.14E+00	1.87E+00	8.27E-01	1.21E+00	5.66E+00	2.93E+00
TCGA-AA-3532-01A-01D-1953-10	1.15E+00	1.07E+00	5.63E-01	0.00E+00	9.80E-01	9.20E-01	1.27E+00
TCGA-AA-3534-01A-01D-1953-10	8.92E-01	1.31E+00	4.73E-01	0.00E+00	8.14E-01	5.26E-01	0.00E+00
TCGA-AA-3538-01A-01D-1953-10	1.19E+00	1.37E+00	3.48E-01	3.06E-01	0.00E+00	9.75E-01	1.06E+00
TCGA-AA-3544-01A-01D-1953-10	1.39E+00	9.19E-01	1.09E+00	0.00E+00	0.00E+00	1.65E+00	9.68E-01
TCGA-AA-3548-01A-01D-1953-10	3.00E-01	9.32E-01	6.00E-01	0.00E+00	4.67E-01	9.52E-01	5.16E-01
TCGA-AA-3549-01A-02D-1953-10	1.01E+00	9.75E-01	4.58E-01	0.00E+00	1.26E+00	2.67E-01	6.01E-01
TCGA-AA-3561-01A-01D-1953-10	2.13E-01	1.21E+00	0.00E+00	0.00E+00	0.00E+00	1.11E+00	8.23E-01
TCGA-AA-3655-01A-02D-1719-10	2.68E+00	4.24E+00	2.47E+00	0.00E+00	2.54E+00	2.42E+00	2.54E+00
TCGA-AA-3660-01A-01D-1719-10	2.78E+00	2.26E+00	3.28E+00	9.36E-01	5.00E-01	4.59E+00	2.68E+00
TCGA-AA-3662-01A-01D-1719-10	5.62E-01	2.94E+00	8.60E-01	1.60E+00	1.07E+00	3.28E+00	1.76E+00
TCGA-AA-3663-01A-01D-1719-10	1.18E+02	1.00E+01	8.13E+00	3.65E+00	1.25E+02	1.07E+01	1.66E+01
TCGA-AA-3664-01A-01W-0900-09	1.78E+00	6.61E+00	3.82E+00	2.91E-01	3.92E+00	4.41E+00	2.86E+00
TCGA-AA-3666-01A-02W-0900-09	5.23E+00	2.62E+00	2.85E+00	2.74E+00	4.02E+00	8.40E+00	9.81E+00
TCGA-AA-3667-01A-01W-0900-09	2.80E+00	1.81E+00	1.96E+00	4.00E-01	8.94E-01	3.49E+00	3.42E+00
TCGA-AA-3672-01A-01W-0900-09	4.81E+01	2.91E+01	1.53E+01	3.52E+00	7.24E+01	1.08E+01	1.35E+01
TCGA-AA-3673-01A-01W-0900-09	1.08E+00	1.84E+00	6.80E-01	1.27E+00	1.12E+00	2.86E+00	3.10E+00
TCGA-AA-3675-01A-02W-0900-09	2.13E-01	3.21E+00	1.75E+00	5.67E-01	1.33E-01	3.03E+00	3.06E+00
TCGA-AA-3678-01A-01W-0900-09	6.00E-01	1.93E+00	2.32E+00	5.00E-01	9.22E-01	2.36E+00	2.38E+00
TCGA-AA-3679-01A-02W-0900-09	1.93E+00	2.94E+00	7.00E-01	0.00E+00	5.62E-01	4.59E+00	6.38E+00
TCGA-AA-3680-01A-01W-0900-09	1.61E+00	4.78E+00	2.30E+00	1.06E+00	1.42E+00	2.91E+00	1.75E+00
TCGA-AA-3681-01A-01W-0900-09	1.35E+00	3.76E+00	2.00E+00	8.95E-01	2.14E+00	4.66E+00	3.92E+00
TCGA-AA-3685-01A-02W-0900-09	8.70E-01	3.00E+00	1.47E+00	4.99E-01	9.34E-01	4.96E+00	4.02E+00
TCGA-AA-3688-01A-01W-0900-09	1.98E+00	2.95E+00	1.33E+00	1.36E+00	2.09E+00	2.13E+00	2.87E+00
TCGA-AA-3693-01A-01W-0900-09	1.90E+00	4.82E+00	7.72E-01	7.63E-01	2.60E+00	9.66E+00	9.83E+00
TCGA-AA-3696-01A-01W-0900-09	2.37E+00	2.60E+00	0.00E+00	1.19E+00	2.45E+00	3.42E+00	2.00E+00
TCGA-AA-3697-01A-01D-1719-10	2.76E+00	5.10E+00	2.81E+00	1.38E+00	2.06E+00	1.01E+01	9.97E+00
TCGA-AA-3712-01A-21D-1719-10	2.72E+00	1.50E+00	2.23E+00	2.37E+00	3.73E+00	1.00E+01	1.01E+01
TCGA-AA-3713-01A-21D-1719-10	2.28E+01	2.88E+01	2.48E+00	3.11E+00	1.56E+01	9.47E+00	9.84E+00
TCGA-AA-3812-01A-01W-0900-09	2.41E+00	3.29E+00	2.26E+00	7.12E-01	2.99E+00	3.52E+00	4.02E+00
TCGA-AA-3814-01A-01W-0900-09	1.90E+00	3.02E+00	1.41E+00	1.46E+00	2.39E+00	2.81E+00	2.03E+00
TCGA-AA-3815-01A-01W-0995-10	5.29E+01	1.53E+01	8.16E+00	1.75E+00	6.06E+01	8.36E+00	6.85E+00
TCGA-AA-3818-01A-01W-0900-09	2.50E+00	3.46E+00	1.02E+00	2.81E+00	4.47E+00	5.06E+00	3.16E+00
TCGA-AA-3831-01A-01W-0900-09	1.80E+00	2.46E+00	3.17E+00	7.18E-01	8.59E-01	4.24E+00	4.82E+00
TCGA-AA-3833-01A-01W-0900-09	1.49E+01	1.93E+01	2.27E+00	1.62E+00	1.59E+01	2.34E+00	4.28E+00
TCGA-AA-3841-01A-01W-0900-09	7.89E-01	1.36E+00	4.67E-01	1.02E+00	1.36E+00	3.38E+00	2.93E+00
TCGA-AA-3842-01A-01W-0995-10	1.04E+00	3.61E+00	2.25E+00	4.16E-01	1.80E+00	4.06E+00	3.72E+00
TCGA-AA-3844-01A-01W-0995-10	2.49E+00	2.45E+00	1.18E+00	2.00E-01	2.51E+00	4.96E+00	6.30E+00
TCGA-AA-3845-01A-01D-1981-10	2.88E+01	1.42E+01	6.18E+00	4.08E+00	3.20E+01	7.64E+00	9.23E+00
TCGA-AA-3845-01A-01W-0995-10	2.78E+01	9.27E+00	8.64E+00	4.78E+00	3.58E+01	4.77E+00	4.90E+00
TCGA-AA-3846-01A-01W-0995-10	1.69E+00	2.06E+00	2.15E+00	9.20E-01	1.28E+00	2.45E+00	3.22E+00
TCGA-AA-3848-01A-01W-0900-09	1.56E+00	4.64E+00	2.15E+00	3.42E-01	1.78E+00	3.75E+00	5.55E+00
TCGA-AA-3851-01A-01W-0995-10	6.83E-01	2.41E+00	1.67E+00	2.00E-01	2.17E+00	3.34E+00	3.88E+00
TCGA-AA-3855-01A-01W-0995-10	1.88E+00	3.40E+00	2.14E+00	1.67E+00	1.75E+00	5.11E+00	4.39E+00
TCGA-AA-3856-01A-01W-0900-09	1.33E-01	2.55E+00	3.46E+00	0.00E+00	7.06E-01	3.34E+00	3.58E+00
TCGA-AA-3858-01A-01W-0900-09	1.16E+00	2.68E+00	1.86E+00	0.00E+00	8.14E-01	2.29E+00	3.05E+00
TCGA-AA-3860-01A-02W-0900-09	8.27E-01	1.78E+00	1.16E+00	0.00E+00	1.12E+00	2.18E+00	1.84E+00
TCGA-AA-3861-01A-01W-0995-10	1.15E+00	5.43E+00	1.72E+00	1.16E+00	1.66E+00	5.14E+00	2.80E+00
TCGA-AA-3862-01A-01W-0995-10	2.38E+00	3.39E+00	6.99E-01	1.17E+00	2.12E+00	2.61E+00	4.25E+00
TCGA-AA-3864-01A-01D-1981-10	1.30E+02	1.47E+02	1.10E+01	3.21E+00	3.20E+01	7.04E+00	6.98E+00
TCGA-AA-3866-01A-01W-0995-10	5.23E+00	3.87E+00	2.35E+00	0.00E+00	8.60E-01	6.66E+00	4.20E+00
TCGA-AA-3867-01A-01W-0995-10	2.15E+00	2.20E+00	1.64E+00	1.57E+00	0.00E+00	3.21E+00	4.16E+00
TCGA-AA-3869-01A-01W-0995-10	1.58E+00	2.66E+00	3.53E+00	0.00E+00	1.47E+00	2.32E+00	1.31E+00
TCGA-AA-3870-01A-01W-0995-10	3.30E+00	2.37E+00	3.96E-01	1.67E+00	1.86E+00	2.78E+00	2.79E+00
TCGA-AA-3875-01A-01W-0900-09	1.58E+00	5.33E+00	1.62E+00	4.16E-01	1.35E+00	4.02E+00	2.88E+00
TCGA-AA-3930-01A-01W-0995-10	3.34E+00	5.53E+00	3.85E+00	1.17E+00	1.89E+00	1.15E+01	1.13E+01
TCGA-AA-3939-01A-01W-0995-10	1.43E+00	4.25E+00	1.95E+00	1.25E+00	3.00E-01	5.76E+00	6.24E+00
TCGA-AA-3941-01A-01W-0995-10	2.55E+00	3.49E+00	2.09E+00	6.80E-01	6.19E-01	5.00E+00	3.42E+00
TCGA-AA-3952-01A-01W-0995-10	1.41E+00	3.12E+00	7.95E-01	8.72E-01	1.71E+00	6.02E+00	6.32E+00
TCGA-AA-3955-01A-02W-0995-10	2.00E-01	2.16E+00	1.93E+00	1.58E+00	1.85E+00	7.37E+00	8.13E+00
TCGA-AA-3956-01A-02W-0995-10	1.95E+00	2.58E+00	2.85E+00	5.00E-01	3.75E+00	5.12E+00	6.65E+00
TCGA-AA-3967-01A-01W-1073-09	2.49E+00	6.56E+00	7.37E-01	1.08E+00	3.49E+00	4.48E+00	4.48E+00
TCGA-AA-3968-01A-01W-0995-10	1.56E+00	3.03E+00	2.89E+00	1.04E+00	2.25E+00	4.71E+00	4.07E+00
TCGA-AA-3971-01A-01W-0995-10	1.54E+00	2.44E+00	1.08E+00	0.00E+00	1.20E+00	5.14E+00	5.46E+00
TCGA-AA-3972-01A-01W-0995-10	2.28E+00	3.74E+00	1.97E+00	7.34E-01	1.42E+00	3.39E+00	1.80E+00
TCGA-AA-3977-01A-01D-1981-10	2.30E+01	1.84E+01	2.85E+02	2.22E+02	2.54E+02	3.68E+00	2.63E+01
TCGA-AA-3977-01A-01W-0995-10	2.57E+01	1.59E+01	2.30E+02	1.89E+02	1.89E+02	1.53E+00	9.40E+00
TCGA-AA-3979-01A-01W-0995-10	1.99E+00	3.26E+00	2.34E+00	1.31E+00	2.49E+00	6.85E+00	7.28E+00
TCGA-AA-3980-01A-02W-0995-10	2.09E+00	2.18E+00	2.49E+00	1.21E+00	1.45E+00	2.90E+00	2.58E+00
TCGA-AA-3982-01A-02W-0995-10	3.09E+00	5.17E+00	2.39E+00	1.00E+00	1.07E+00	5.40E+00	5.34E+00
TCGA-AA-3984-01A-02D-1981-10	2.95E+01	3.30E+01	2.62E+02	2.63E+02	1.04E+02	8.40E+00	0.00E+00
TCGA-AA-3984-01A-02W-0995-10	2.49E+01	3.15E+01	2.38E+02	2.40E+02	9.68E+01	8.81E+00	0.00E+00
TCGA-AA-3986-01A-02W-0995-10	3.42E-01	3.31E+00	5.54E-01	1.40E+00	9.83E-01	3.82E+00	1.78E+00
TCGA-AA-3989-01A-01W-0995-10	2.81E+00	2.92E+00	1.17E+00	7.02E-01	1.72E+00	2.95E+00	2.72E+00
TCGA-AA-A004-01A-01W-A00E-09	2.29E+00	1.40E+00	7.18E-01	5.42E-01	1.24E+00	2.76E+00	3.71E+00
TCGA-AA-A00O-01A-02W-A00E-09	2.39E+00	2.47E+00	1.79E+00	9.07E-01	1.67E+00	5.04E+00	3.75E+00
TCGA-AA-A00Z-01A-01D-A17O-10	4.16E-01	5.67E-01	6.40E-01	0.00E+00	4.73E-01	7.06E-01	6.36E-01
TCGA-AA-A010-01A-01D-A17O-10	1.19E+02	8.80E+01	5.40E+02	4.45E+02	8.27E+02	0.00E+00	1.97E+02
TCGA-AA-A010-01A-01W-A00E-09	8.73E+01	6.34E+01	4.90E+02	3.98E+02	7.39E+02	2.77E+00	1.90E+02
TCGA-AA-A017-01A-01W-A00E-09	3.96E-01	2.57E+00	1.55E+00	0.00E+00	0.00E+00	3.01E+00	2.77E+00
TCGA-AA-A01C-01A-01W-A00E-09	1.80E+00	2.18E+00	1.21E+00	1.23E+00	1.76E+00	3.74E+00	3.75E+00
TCGA-AA-A01I-01A-02W-A00E-09	2.22E+00	2.76E+00	2.34E+00	1.89E+00	2.28E+00	3.67E+00	2.59E+00
TCGA-AA-A01K-01A-01W-A00E-09	2.49E+00	3.26E+00	3.00E-01	1.21E+00	2.48E+00	5.27E+00	4.48E+00
TCGA-AA-A01P-01A-21D-A17O-10	2.75E+01	1.69E+01	1.19E+01	2.63E+00	2.86E+01	5.28E+00	8.01E+00
TCGA-AA-A01P-01A-21W-A096-10	2.01E+01	6.13E+00	4.89E+00	3.41E+00	2.36E+01	3.66E+00	4.62E+00
TCGA-AA-A01S-01A-21W-A096-10	1.28E+00	2.29E+00	3.00E-01	6.57E-01	5.73E-01	1.98E+00	2.74E+00
TCGA-AA-A01T-01A-21W-A096-10	5.96E-01	2.83E+00	2.72E+00	5.78E-01	1.33E+00	4.17E+00	3.92E+00
TCGA-AA-A01V-01A-23W-A096-10	2.42E+00	4.34E+00	2.08E+00	1.81E+00	3.59E+00	4.07E+00	4.46E+00
TCGA-AA-A01X-01A-21W-A096-10	1.45E+00	2.77E+00	1.63E+00	7.63E-01	1.10E+00	1.99E+00	1.36E+00
TCGA-AA-A01Z-01A-11W-A096-10	3.34E+00	1.81E+00	1.70E+00	8.59E-01	7.34E-01	3.60E+00	3.25E+00
TCGA-AA-A022-01A-21D-A17O-10	4.58E+01	5.55E+01	6.77E+00	2.15E+00	3.17E+01	6.94E+00	9.73E+00
TCGA-AA-A022-01A-21W-A096-10	3.02E+01	4.01E+01	7.72E+00	1.48E+00	3.09E+01	6.93E+00	4.20E+00
TCGA-AA-A024-01A-02W-A00E-09	2.14E+00	3.28E+00	6.29E-01	2.67E-01	4.33E-01	3.59E+00	3.06E+00
TCGA-AA-A029-01A-01W-A00E-09	1.72E+00	2.68E+00	1.45E+00	1.63E+00	1.47E+00	2.77E+00	1.99E+00
TCGA-AA-A02E-01A-01W-A00E-09	2.75E+00	5.23E+00	1.84E+00	1.78E+00	3.21E+00	4.82E+00	4.32E+00
TCGA-AA-A02H-01A-01W-A00E-09	2.01E+00	3.18E+00	1.91E+00	1.29E+00	1.23E+00	2.48E+00	2.52E+00
TCGA-AA-A02J-01A-01W-A00E-09	2.69E+00	2.76E+00	2.73E+00	1.27E+00	1.22E+00	6.29E+00	4.07E+00
TCGA-AA-A02K-01A-21W-A096-10	2.89E+00	3.56E+00	1.42E+00	6.05E-01	2.57E+00	5.40E+00	4.29E+00
TCGA-AA-A02O-01A-21W-A096-10	1.64E+00	2.99E+00	2.29E+00	2.00E-01	1.74E+00	5.34E+00	5.19E+00
TCGA-AA-A02R-01A-01W-A00E-09	4.58E+01	1.50E+01	5.07E+00	2.86E+00	5.56E+01	8.62E+00	9.08E+00
TCGA-AA-A02W-01A-01W-A00E-09	3.09E+00	3.81E+00	1.61E+00	4.73E-01	1.06E+00	5.15E+00	5.39E+00
TCGA-AA-A02Y-01A-43W-A096-10	2.13E-01	3.96E+00	1.57E+00	1.47E+00	2.42E+00	4.59E+00	3.18E+00
TCGA-AA-A03J-01A-21W-A096-10	1.05E+00	4.84E+00	2.95E+00	1.28E+00	2.37E+00	4.95E+00	2.55E+00
TCGA-AD-6548-01A-11D-1835-10	1.96E+00	2.83E+00	2.22E+00	5.58E-01	1.60E+00	3.21E+00	2.69E+00
TCGA-AD-6888-01A-11D-1924-10	6.36E+00	5.91E+00	1.82E+00	4.00E-01	1.24E+00	2.30E+00	3.39E+00
TCGA-AD-6889-01A-11D-1924-10	3.11E+01	3.44E+01	1.61E+00	3.10E+00	4.84E+01	8.72E+00	5.37E+00
TCGA-AD-6890-01A-11D-1924-10	1.20E+00	2.59E+00	1.21E+00	8.14E-01	1.31E+00	3.78E+00	1.88E+00
TCGA-AD-6895-01A-11D-1924-10	2.74E+01	3.43E+01	1.85E+01	1.71E+00	2.78E+01	5.21E+01	5.05E+01
TCGA-AD-6901-01A-11D-1924-10	3.47E+00	5.98E+00	3.51E+00	1.51E+00	4.15E+00	8.90E+00	5.83E+00
TCGA-AD-6963-01A-11D-1924-10	3.06E+00	3.02E+00	8.14E-01	0.00E+00	1.00E-01	4.07E+00	4.63E+00
TCGA-AD-6964-01A-11D-1924-10	7.30E+01	7.51E+00	1.92E+01	2.41E+00	8.43E+01	3.14E+01	1.94E+01
TCGA-AD-6965-01A-11D-1924-10	3.41E+00	2.85E+00	1.62E+00	7.42E-01	2.47E+00	4.19E+00	3.59E+00
TCGA-AD-A5EJ-01A-11D-A28G-10	3.44E+01	2.96E+01	5.38E+00	2.61E+00	4.33E+01	7.74E+00	1.03E+01
TCGA-AD-A5EK-01A-11D-A28G-10	3.31E+00	4.67E+00	0.00E+00	1.58E+00	2.46E+00	4.72E+00	2.59E+00
TCGA-AM-5820-01A-01D-1650-10	1.72E+00	2.24E+00	1.12E+00	9.71E-01	1.48E+00	2.36E+00	2.64E+00
TCGA-AU-3779-01A-01D-1719-10	2.29E+00	2.40E+00	1.27E+00	1.72E+00	1.51E+00	1.98E+00	3.07E+00
TCGA-AU-6004-01A-11D-1719-10	2.80E+01	1.57E+01	8.26E+00	1.19E+00	3.36E+01	2.99E+00	4.98E+00
TCGA-AY-4071-01A-01W-1073-09	1.67E+00	4.69E+00	2.16E+00	1.95E+00	2.45E+00	7.05E+00	5.51E+00
TCGA-AY-5543-01A-01D-1650-10	1.94E+00	3.19E+00	1.73E+00	2.46E+00	1.00E+00	4.14E+00	4.08E+00
TCGA-AY-6197-01A-11D-1719-10	7.37E+01	8.80E+00	1.00E+01	1.82E+00	8.04E+01	9.42E+00	2.49E+00
TCGA-AY-6386-01A-21D-1719-10	1.76E+00	3.17E+00	1.74E+00	6.19E-01	1.87E+00	4.10E+00	2.18E+00
TCGA-AY-A54L-01A-11D-A28G-10	4.80E+00	2.85E+00	3.11E+00	9.24E-01	2.41E+00	6.57E+00	3.51E+00
TCGA-AY-A69D-01A-11D-A36X-10	2.24E+00	5.52E+00	2.45E+00	1.41E+00	4.45E+00	6.21E+00	3.71E+00
TCGA-AY-A71X-01A-12D-A36X-10	1.35E+00	2.55E+00	2.59E+00	6.01E-01	9.32E-01	2.43E+00	1.38E+00
TCGA-AY-A8YK-01A-11D-A40P-10	1.41E+00	3.87E+00	1.27E+00	6.53E-01	1.73E+00	2.20E+00	2.34E+00
TCGA-AZ-4308-01A-01D-1408-10	1.31E+00	2.51E+00	3.16E+00	3.42E-01	1.70E+00	3.73E+00	1.52E+00
TCGA-AZ-4313-01A-01D-1408-10	7.48E+01	7.07E+01	7.62E+00	7.15E-01	4.24E+00	0.00E+00	1.80E+00
TCGA-AZ-4315-01A-01D-1408-10	3.54E+01	3.34E+01	3.20E+02	3.10E+02	1.45E+02	8.60E+00	1.37E+01
TCGA-AZ-4614-01A-01D-1408-10	3.56E+00	5.45E+00	2.32E+00	9.12E-01	3.69E+00	5.98E+00	5.77E+00
TCGA-AZ-4615-01A-01D-1408-10	3.03E+01	1.72E+01	9.24E+00	1.95E+00	4.32E+01	6.37E+00	5.32E+00
TCGA-AZ-4681-01A-01D-1408-10	1.74E+00	2.15E+00	3.00E-01	0.00E+00	7.81E-01	5.04E+00	4.79E+00
TCGA-AZ-5403-01A-01D-1650-10	1.57E+00	2.41E+00	1.58E+00	1.36E+00	1.20E+00	3.58E+00	4.20E+00
TCGA-AZ-5407-01A-01D-1719-10	2.21E+00	3.03E+00	1.27E+00	1.00E+00	1.17E+00	2.75E+00	2.21E+00
TCGA-AZ-6598-01A-11D-1771-10	4.65E+01	6.29E+01	1.07E+01	3.24E+00	5.47E+01	1.59E+01	1.04E+01
TCGA-AZ-6599-01A-11D-1771-10	4.80E+00	5.60E+00	6.85E+00	9.52E-01	2.81E+00	2.92E+01	2.68E+01
TCGA-AZ-6600-01A-11D-1771-10	2.10E+00	2.32E+00	2.13E+00	2.15E+00	3.96E+00	3.95E+00	3.71E+00
TCGA-AZ-6601-01A-11D-1771-10	8.54E+01	9.86E+01	9.05E+00	3.51E+00	3.01E+01	6.53E+00	3.44E+00
TCGA-AZ-6603-01A-11D-1835-10	9.98E-01	2.08E+00	2.07E+00	8.41E-01	1.31E+00	2.48E+00	1.51E+00
TCGA-AZ-6605-01A-11D-1835-10	2.34E+00	4.01E+00	2.47E+00	1.00E-01	2.65E+00	3.22E+00	3.30E+00
TCGA-AZ-6606-01A-11D-1835-10	2.55E+00	3.09E+00	8.92E-01	6.23E-01	3.26E+00	4.61E+00	5.36E+00
TCGA-AZ-6608-01A-11D-1835-10	2.65E+00	2.35E+00	1.15E+00	8.14E-01	2.82E+00	1.15E+01	1.25E+01
TCGA-CA-5254-01A-21D-1835-10	5.24E+00	3.49E+00	2.59E+00	1.41E+00	3.42E+00	5.52E+00	3.89E+00
TCGA-CA-5255-01A-11D-1835-10	1.99E+00	1.27E+00	1.48E+00	4.71E-01	8.33E-01	2.52E+00	1.33E+00
TCGA-CA-5256-01A-01D-1408-10	1.22E+00	2.16E+00	1.18E+00	1.02E+00	6.00E-01	1.83E+00	1.38E+00
TCGA-CA-5797-01A-01D-1650-10	1.27E+00	1.51E+00	7.42E-01	5.17E-01	4.99E-01	3.13E+00	3.24E+00
TCGA-CA-6715-01A-21D-1835-10	2.05E+00	1.72E+00	8.44E-01	2.02E+00	5.19E+00	3.87E+00	1.88E+00
TCGA-CA-6718-01A-11D-1835-10	1.07E+00	1.02E+01	2.78E+02	2.49E+02	7.16E+01	1.00E+01	8.03E+00
TCGA-CA-6719-01A-11D-1835-10	1.94E+00	4.25E+00	2.58E+00	1.85E+00	1.46E+00	3.21E+00	1.27E+00
TCGA-CK-4948-01B-11D-1650-10	3.05E+00	3.21E+00	1.74E+00	1.31E+00	1.53E-01	4.60E+00	3.59E+00
TCGA-CK-5912-01A-11D-1650-10	2.18E+00	1.71E+00	1.58E+00	0.00E+00	0.00E+00	2.00E+00	3.04E+00
TCGA-CK-5913-01A-11D-1650-10	2.70E+01	1.63E+01	1.00E+00	1.38E+00	2.88E+01	4.59E+00	2.20E+00
TCGA-CK-5914-01A-11D-1650-10	2.19E+00	4.21E+00	1.87E+00	1.40E+00	2.65E+00	4.96E+00	3.46E+00
TCGA-CK-5915-01A-11D-1650-10	1.84E+00	2.32E+00	1.67E+00	8.09E-01	1.80E+00	1.59E+00	1.75E+00
TCGA-CK-5916-01A-11D-1650-10	4.04E+01	3.71E+01	4.58E+00	2.60E+00	4.65E+01	9.23E+00	5.29E+00
TCGA-CK-6746-01A-11D-1835-10	4.08E+01	2.30E+01	5.50E+00	1.77E+00	4.98E+01	3.59E+00	1.26E+01
TCGA-CK-6747-01A-11D-1835-10	1.84E+00	3.55E+00	3.35E+00	6.11E-01	7.37E-01	2.84E+00	2.67E+00
TCGA-CM-4743-01A-01D-1719-10	3.53E+01	2.66E+01	6.88E+00	2.07E+00	4.21E+01	7.12E+00	8.56E+00
TCGA-CM-4744-01A-01D-1408-10	8.23E-01	5.17E+00	1.81E+00	2.33E+00	3.20E+00	4.90E+00	1.30E+00
TCGA-CM-4746-01A-01D-1408-10	3.99E+01	4.27E+01	2.54E+00	2.32E+00	4.29E+00	3.05E+00	2.29E+00
TCGA-CM-4747-01A-01D-1408-10	2.22E+00	1.55E+00	1.50E+00	7.72E-01	9.91E-01	2.30E+00	2.66E+00
TCGA-CM-4751-01A-02D-1835-10	1.63E+00	2.85E+00	6.40E-01	4.00E-01	1.47E+00	3.13E+00	3.19E+00
TCGA-CM-4752-01A-01D-1408-10	2.45E+00	4.53E+00	1.63E+00	8.19E-01	1.60E+00	5.22E+00	2.45E+00
TCGA-CM-5341-01A-01D-1408-10	1.51E+00	4.36E+00	1.71E+00	9.83E-01	8.36E-01	6.09E+00	9.12E+00
TCGA-CM-5348-01A-21D-1719-10	5.12E-01	5.84E+00	5.52E+00	9.60E-01	8.84E-01	7.55E+00	9.83E+00
TCGA-CM-5349-01A-21D-1719-10	1.09E+00	2.84E+00	2.46E+00	6.05E-01	2.10E+00	4.05E+00	4.68E+00
TCGA-CM-5860-01A-01D-1650-10	1.52E+00	4.98E+00	1.89E+00	8.33E-01	2.34E+00	4.99E+00	2.62E+00
TCGA-CM-5861-01A-01D-1650-10	7.88E+01	1.59E+01	7.52E+00	3.81E+00	9.42E+01	5.11E+00	5.34E+00
TCGA-CM-5862-01A-01D-1650-10	2.12E+00	2.96E+00	1.19E+00	9.68E-01	1.41E+00	3.45E+00	2.58E+00
TCGA-CM-5864-01A-01D-1650-10	4.63E+00	3.08E+00	2.44E+00	1.33E+00	4.19E+00	7.04E+00	5.20E+00
TCGA-CM-5868-01A-01D-1650-10	3.51E+00	3.18E+00	1.25E+00	9.57E-01	2.29E+00	3.87E+00	2.84E+00
TCGA-CM-6161-01A-11D-1650-10	1.89E+00	3.47E+00	1.63E+00	7.18E-01	1.31E+00	3.47E+00	3.21E+00
TCGA-CM-6163-01A-11D-1650-10	1.39E+00	4.38E+00	1.18E+00	3.79E-01	9.32E-01	3.50E+00	2.94E+00
TCGA-CM-6164-01A-11D-1650-10	1.65E+00	3.48E+00	1.82E+00	1.44E+00	1.90E+00	3.48E+00	1.75E+00
TCGA-CM-6165-01A-11D-1650-10	3.84E+00	1.90E+00	6.32E-01	1.80E+00	3.74E+00	4.94E+00	4.26E+00
TCGA-CM-6166-01A-11D-1650-10	3.72E+00	2.68E+00	1.27E+00	7.86E-01	1.63E+00	2.83E+00	1.75E+00
TCGA-CM-6167-01A-11D-1650-10	1.05E+00	2.77E+00	6.32E-01	9.87E-01	1.28E+00	3.27E+00	2.50E+00
TCGA-CM-6168-01A-11D-1650-10	5.61E+00	3.46E+00	9.32E-01	6.57E-01	3.40E+00	6.87E+00	4.78E+00
TCGA-CM-6169-01A-11D-1650-10	2.39E+00	3.90E+00	1.89E+00	1.08E+00	1.86E+00	2.81E+00	2.88E+00
TCGA-CM-6170-01A-11D-1650-10	1.81E+00	2.49E+00	2.90E+00	0.00E+00	1.05E+00	4.24E+00	5.46E+00
TCGA-CM-6171-01A-11D-1650-10	2.11E+01	2.61E+01	4.63E+00	2.49E+00	3.16E+01	4.89E+00	4.99E+00
TCGA-CM-6172-01A-11D-1650-10	1.16E+00	4.41E+00	2.07E+00	9.20E-01	1.23E+00	3.29E+00	4.27E+00
TCGA-CM-6674-01A-11D-1835-10	3.63E+01	3.71E+01	5.33E+00	7.92E-01	2.69E+01	3.66E+00	4.12E+00
TCGA-CM-6675-01A-11D-1835-10	1.41E+00	2.91E+00	0.00E+00	3.14E-01	1.66E+00	4.40E+00	3.20E+00
TCGA-CM-6676-01A-11D-1835-10	2.77E+00	2.51E+00	1.23E+00	5.81E-01	8.14E-01	4.14E+00	3.07E+00
TCGA-CM-6677-01A-11D-1835-10	1.63E+00	3.08E+00	1.35E+00	1.82E+00	2.97E+00	5.32E+00	5.89E+00
TCGA-CM-6678-01A-11D-1835-10	1.60E+00	5.54E+00	2.93E+00	6.18E-01	2.11E+00	4.64E+00	1.78E+00
TCGA-CM-6679-01A-11D-1835-10	1.92E+00	1.89E+00	1.51E+00	3.42E-01	1.21E+00	3.18E+00	4.20E+00
TCGA-CM-6680-01A-11D-1835-10	6.00E-01	4.79E+00	2.61E+00	0.00E+00	2.06E+00	3.86E+00	2.39E+00
TCGA-D5-5537-01A-21D-1924-10	4.04E+00	3.22E+00	2.22E+00	1.12E+00	2.27E+00	2.86E+00	1.88E+00
TCGA-D5-5538-01A-01D-1650-10	3.25E+00	3.48E+00	2.09E+00	4.82E-01	4.06E+00	5.13E+00	3.14E+00
TCGA-D5-5540-01A-01D-1650-10	4.27E-01	1.41E+00	2.93E+00	4.22E-01	7.63E-01	5.36E+00	3.63E+00
TCGA-D5-5541-01A-01D-1650-10	4.00E-01	3.01E+00	2.08E+00	0.00E+00	0.00E+00	2.93E+00	3.06E+00
TCGA-D5-6529-01A-11D-1771-10	4.14E+00	3.34E+00	3.24E+00	8.54E-01	3.11E+00	1.65E+00	3.30E+00
TCGA-D5-6530-01A-11D-1719-10	2.66E+01	3.19E+01	6.67E-01	9.78E-01	2.59E+01	5.27E+00	4.28E+00
TCGA-D5-6531-01A-11D-1719-10	3.71E+00	3.53E+00	2.75E+00	1.44E+00	4.09E+00	4.72E+00	4.72E+00
TCGA-D5-6532-01A-11D-1719-10	2.67E+00	3.90E+00	1.75E+00	1.44E+00	9.80E-01	5.40E+00	5.48E+00
TCGA-D5-6533-01A-11D-1719-10	2.97E+00	3.92E+00	3.60E+00	1.57E+00	1.70E+00	7.80E+00	4.86E+00
TCGA-D5-6535-01A-11D-1719-10	2.73E+00	5.08E+00	3.50E+00	1.82E+00	4.33E+00	1.07E+01	9.18E+00
TCGA-D5-6536-01A-11D-1719-10	2.58E+00	2.44E+00	2.03E+00	0.00E+00	1.85E+00	3.86E+00	4.18E+00
TCGA-D5-6537-01A-11D-1719-10	1.72E+00	3.83E+00	9.00E-01	1.66E+00	2.35E+00	3.53E+00	2.04E+00
TCGA-D5-6538-01A-11D-1719-10	2.32E+00	4.51E+00	2.22E+00	5.73E-01	2.26E+00	4.32E+00	4.99E+00
TCGA-D5-6539-01A-11D-1719-10	1.48E+00	2.26E+00	2.36E+00	1.13E+00	1.58E+00	4.15E+00	4.72E+00
TCGA-D5-6541-01A-11D-1719-10	2.56E+00	3.16E+00	1.00E-01	4.67E-01	2.42E+00	2.15E+00	1.10E+00
TCGA-D5-6898-01A-11D-1924-10	8.94E-01	3.28E+00	6.00E-01	7.22E-01	1.15E+00	4.58E+00	5.52E+00
TCGA-D5-6920-01A-11D-1924-10	1.62E+00	2.64E+00	9.57E-01	7.61E-01	1.03E+00	3.88E+00	4.58E+00
TCGA-D5-6922-01A-11D-1924-10	8.56E-01	3.14E+00	2.65E+00	6.74E-01	0.00E+00	4.90E+00	3.17E+00
TCGA-D5-6924-01A-11D-1924-10	1.82E+00	4.13E+00	2.57E+00	7.30E-01	2.59E+00	5.55E+00	4.46E+00
TCGA-D5-6926-01A-11D-1924-10	2.04E+00	4.32E+00	2.95E+00	0.00E+00	2.51E+00	5.15E+00	3.90E+00
TCGA-D5-6927-01A-21D-1924-10	2.59E+01	1.21E+01	4.12E+00	3.07E+00	3.01E+01	4.38E+00	3.52E+00
TCGA-D5-6931-01A-11D-1924-10	7.60E+00	7.04E+00	5.88E+00	4.18E+00	8.52E+00	1.17E+01	6.00E+00
TCGA-D5-6932-01A-11D-1924-10	2.20E+00	2.42E+00	1.31E+00	1.77E+00	2.02E+00	6.32E+00	7.42E+00
TCGA-DM-A0X9-01A-11D-A152-10	2.01E+00	4.87E+00	2.72E+00	1.80E+00	3.96E+00	8.10E+00	4.77E+00
TCGA-DM-A0XD-01A-12D-A152-10	2.81E+00	4.63E+00	2.28E+00	1.17E+00	1.28E+00	6.85E+00	3.09E+00
TCGA-DM-A0XF-01A-11D-A152-10	2.41E+00	3.99E+00	1.66E+00	1.67E+00	1.90E+00	6.40E+00	6.25E+00
TCGA-DM-A1D0-01A-11D-A152-10	2.01E+00	3.16E+00	1.65E+00	1.40E+00	1.37E+00	4.82E+00	4.71E+00
TCGA-DM-A1D4-01A-21D-A152-10	2.24E+00	4.50E+00	0.00E+00	2.13E+00	2.25E+00	5.41E+00	2.35E+00
TCGA-DM-A1D8-01A-11D-A152-10	2.97E+00	4.32E+00	1.51E+00	1.01E+00	3.12E+00	7.26E+00	8.39E+00
TCGA-DM-A1D9-01A-11D-A152-10	2.28E+00	2.46E+00	1.93E+00	1.58E+00	0.00E+00	7.69E+00	6.29E+00
TCGA-DM-A1DA-01A-11D-A152-10	4.82E+00	7.23E+00	2.13E+00	2.35E+00	3.26E+00	1.07E+01	7.03E+00
TCGA-DM-A1DB-01A-11D-A152-10	1.29E+00	2.45E+00	8.00E-01	6.84E-01	1.08E+00	3.28E+00	2.32E+00
TCGA-DM-A1HA-01A-11D-A152-10	1.84E+00	5.09E+00	2.05E+00	1.85E+00	2.31E+00	5.33E+00	5.02E+00
TCGA-DM-A28C-01A-11D-A16V-10	2.93E+00	2.70E+00	4.07E-01	7.92E-01	2.21E-01	3.86E+00	3.37E+00
TCGA-DM-A28E-01A-11D-A16V-10	1.50E+00	2.13E+00	2.27E+00	1.03E+00	2.36E+00	2.32E+00	3.17E+00
TCGA-DM-A28F-01A-11D-A16V-10	2.65E+00	3.96E+00	3.57E+00	2.82E+00	3.19E+00	1.06E+01	8.81E+00
TCGA-DM-A28G-01A-11D-A16V-10	2.78E+00	2.98E+00	2.78E+00	5.17E-01	2.49E+00	4.93E+00	9.89E-01
TCGA-DM-A28H-01A-11D-A16V-10	2.03E+00	3.88E+00	1.59E+00	8.00E-01	2.01E+00	6.61E+00	5.14E+00
TCGA-DM-A28M-01A-12D-A16V-10	1.97E+00	3.43E+00	1.67E+00	3.42E-01	6.32E-01	2.26E+00	2.15E+00
TCGA-F4-6459-01A-11D-1771-10	1.38E+00	2.25E+00	2.42E+00	1.06E+00	1.54E+00	6.80E+00	5.93E+00
TCGA-F4-6460-01A-11D-1771-10	4.13E+00	4.66E+00	2.26E+00	1.44E+00	2.72E+00	6.25E+00	4.06E+00
TCGA-F4-6461-01A-11D-1771-10	2.63E+00	3.71E+00	2.38E+00	7.06E-01	2.47E+00	5.17E+00	5.52E+00
TCGA-F4-6569-01A-11D-1771-10	7.95E-01	2.38E+00	2.50E+00	2.09E+00	1.51E+00	5.56E+00	6.62E+00
TCGA-F4-6570-01A-11D-1771-10	3.65E+01	3.80E+01	1.05E+01	2.86E+00	3.33E+01	1.75E+01	1.18E+01
TCGA-F4-6805-01A-11D-1835-10	1.05E+00	2.60E+00	8.49E-01	6.36E-01	1.82E+00	4.34E+00	3.30E+00
TCGA-F4-6806-01A-11D-1835-10	2.65E+00	1.65E+00	1.69E+00	8.54E-01	1.94E+00	3.80E+00	3.92E+00
TCGA-F4-6807-01A-11D-1835-10	3.41E+00	2.25E+00	1.00E+00	2.31E+00	1.37E+00	8.49E+00	6.69E+00
TCGA-F4-6808-01A-11D-1835-10	2.09E+00	5.72E+00	1.29E+00	1.00E+00	1.67E+00	5.95E+00	4.10E+00
TCGA-F4-6854-01A-11D-1924-10	2.18E+00	3.89E+00	1.75E+00	2.67E-01	1.79E+00	5.26E+00	3.99E+00
TCGA-F4-6855-01A-11D-1924-10	2.27E+00	2.66E+00	1.96E+00	9.78E-01	1.03E+00	4.44E+00	2.22E+00
TCGA-G4-6293-01A-11D-1719-10	2.75E+00	5.06E+00	7.92E-01	1.14E+00	2.05E+00	3.88E+00	3.11E+00
TCGA-G4-6294-01A-11D-1806-10	3.10E+00	2.66E+00	2.29E+00	6.84E-01	1.16E+00	8.46E+00	9.65E+00
TCGA-G4-6295-01A-11D-1719-10	2.42E+00	5.55E+00	1.76E+00	4.16E-01	2.06E+00	5.93E+00	7.05E+00
TCGA-G4-6297-01A-11D-1719-10	1.15E+00	2.14E+00	1.16E+00	7.16E-01	1.32E+00	4.07E+00	3.38E+00
TCGA-G4-6298-01A-11D-1719-10	2.41E+00	1.87E+00	1.56E+00	1.13E+00	1.18E+00	2.60E+00	1.70E+00
TCGA-G4-6299-01A-11D-1771-10	2.44E+00	3.45E+00	2.89E+00	1.14E+00	4.00E+00	7.81E+00	8.93E+00
TCGA-G4-6303-01A-11D-1771-10	1.61E+00	3.11E+00	2.58E+00	1.31E+00	9.80E-01	2.44E+00	1.63E+00
TCGA-G4-6304-01A-11D-1924-10	1.43E+01	1.64E+01	3.07E+00	2.30E+00	2.45E+01	7.03E+00	7.12E+00
TCGA-G4-6306-01A-11D-1771-10	3.69E+00	2.20E+00	8.84E-01	1.12E+00	2.31E+00	3.36E+00	1.47E+00
TCGA-G4-6307-01A-11D-1719-10	1.81E+00	1.59E+00	1.71E+00	8.62E-01	2.17E+00	3.84E+00	2.57E+00
TCGA-G4-6309-01A-21D-1835-10	2.71E+01	2.87E+01	3.73E+00	1.67E+00	1.94E+01	2.64E+00	2.18E+00
TCGA-G4-6310-01A-11D-1719-10	2.59E+00	3.26E+00	1.30E+00	1.27E+00	2.10E+00	3.06E+00	3.37E+00
TCGA-G4-6311-01A-11D-1719-10	3.28E+00	4.93E+00	4.00E-01	1.47E+00	1.80E+00	6.50E+00	3.94E+00
TCGA-G4-6314-01A-11D-1719-10	3.12E+00	2.62E+00	2.46E+00	1.27E+00	1.77E+00	4.88E+00	3.19E+00
TCGA-G4-6315-01A-11D-1719-10	2.81E+00	3.76E+00	2.71E+00	1.75E+00	8.14E-01	4.63E+00	3.64E+00
TCGA-G4-6317-01A-11D-1719-10	1.33E+00	3.20E+00	1.79E+00	6.29E-01	9.43E-01	4.59E+00	4.24E+00
TCGA-G4-6317-02A-11D-2067-10	4.35E+00	3.75E+00	2.73E+00	1.23E+00	2.25E+00	4.30E+00	5.66E+00
TCGA-G4-6320-01A-11D-1719-10	2.57E+01	1.99E+01	3.10E+00	4.50E+00	1.34E+01	9.63E+00	4.43E+00
TCGA-G4-6321-01A-11D-1719-10	1.81E+00	2.52E+00	1.40E+00	4.82E-01	8.03E-01	2.80E+00	1.20E+00
TCGA-G4-6323-01A-11D-1719-10	2.98E+00	2.30E+00	9.48E-01	6.23E-01	2.19E+00	2.19E+00	3.41E+00
TCGA-G4-6586-01A-11D-1771-10	3.36E+01	1.77E+01	5.46E+00	2.17E+00	3.99E+01	5.12E+00	6.52E+00
TCGA-G4-6588-01A-11D-1771-10	7.42E+01	3.21E+01	1.06E+01	3.16E+00	9.62E+01	1.57E+01	1.17E+01
TCGA-G4-6625-01A-21D-1771-10	1.33E+00	3.00E+00	1.53E+00	4.00E-01	4.23E-01	6.60E+00	6.78E+00
TCGA-G4-6626-01A-11D-1771-10	1.62E+00	4.37E+00	5.00E-01	0.00E+00	2.58E+00	5.96E+00	2.78E+00
TCGA-G4-6627-01A-11D-2188-10	2.75E+00	2.06E+00	0.00E+00	9.24E-01	2.44E+00	4.94E+00	4.07E+00
TCGA-G4-6628-01A-11D-1835-10	2.82E+01	5.53E+01	2.35E+00	5.62E+00	2.38E+01	1.98E+01	1.03E+01
TCGA-NH-A50T-01A-11D-A28G-10	1.37E+00	4.58E+00	2.54E+00	1.01E+00	1.65E+00	4.76E+00	3.46E+00
TCGA-NH-A50V-01A-11D-A28G-10	2.77E+00	2.78E+00	5.00E-01	2.34E+00	2.29E+00	5.26E+00	4.24E+00
TCGA-NH-A6GA-01A-11D-A36X-10	8.98E-01	4.15E+00	2.01E+00	1.32E+00	7.12E-01	4.09E+00	2.19E+00
TCGA-NH-A6GB-01A-11D-A36X-10	3.28E+00	3.31E+00	2.85E+00	1.05E+00	2.28E+00	6.07E+00	5.55E+00
TCGA-NH-A8F7-06A-31D-A40P-10	1.47E+00	3.38E+00	2.64E+00	9.17E-01	3.17E+00	2.73E+00	2.88E+00
TCGA-NH-A8F8-01A-72D-A40P-10	7.42E-01	3.60E+00	6.29E-01	0.00E+00	1.55E+00	4.57E+00	1.61E+00
TCGA-QG-A5YV-01A-11D-A28G-10	3.48E+00	4.59E+00	2.53E+00	1.61E+00	1.55E+00	4.91E+00	3.72E+00
TCGA-QG-A5YW-01A-11D-A28G-10	1.56E+00	2.94E+00	2.09E+00	2.45E+00	3.49E+00	5.99E+00	5.58E+00
TCGA-QG-A5YX-01A-11D-A28G-10	1.74E+00	3.74E+00	7.00E-01	7.77E-01	1.69E+00	3.21E+00	1.57E+00
TCGA-QG-A5Z2-01A-11D-A28G-10	2.19E+01	2.76E+01	4.81E+00	3.45E+00	2.80E+01	1.04E+01	7.43E+00
TCGA-QL-A97D-01A-12D-A40P-10	3.33E+00	6.27E+00	2.50E+00	1.61E+00	2.91E+00	7.83E+00	7.03E+00
TCGA-SS-A7HO-01A-21D-A36X-10	2.68E+00	3.94E+00	1.50E+00	1.41E+00	4.03E+00	6.88E+00	6.39E+00
TCGA-T9-A92H-01A-11D-A36X-10	4.61E+00	2.79E+00	1.58E+00	1.49E+00	3.08E+00	6.85E+00	7.24E+00
