MutationType	SBS96A	SBS96B	SBS96C	SBS96D	SBS96E	SBS96F	SBS96G	SBS96H
A[C>A]A	2.99E-03	6.40E-03	2.61E-04	3.25E-03	3.97E-03	3.90E-03	1.61E-03	3.63E-03
A[C>A]C	1.50E-03	4.17E-03	3.44E-04	3.62E-03	4.91E-03	4.72E-03	1.41E-03	2.30E-03
A[C>A]G	1.81E-03	4.37E-03	2.60E-04	8.04E-04	3.35E-03	6.44E-04	2.19E-07	2.61E-04
A[C>A]T	2.01E-03	5.08E-03	3.14E-04	2.22E-03	3.29E-03	2.13E-03	7.97E-04	1.01E-03
A[C>G]A	6.61E-04	2.58E-03	1.34E-04	4.04E-03	4.69E-03	2.74E-03	4.60E-08	3.20E-04
A[C>G]C	4.98E-04	2.91E-03	2.76E-04	3.79E-03	2.39E-03	2.63E-03	8.33E-04	2.80E-46
A[C>G]G	4.82E-04	1.79E-03	6.97E-05	2.75E-03	8.88E-04	8.44E-04	4.57E-04	1.53E-03
A[C>G]T	2.86E-04	2.56E-03	3.33E-04	2.84E-03	1.86E-03	2.40E-03	4.61E-04	8.36E-04
A[C>T]A	9.05E-04	2.04E-03	2.43E-04	4.75E-03	3.00E-03	4.25E-03	2.73E-03	1.91E-03
A[C>T]C	8.51E-04	2.55E-03	1.38E-04	4.40E-03	3.00E-03	2.66E-03	1.80E-03	5.78E-04
A[C>T]G	4.60E-04	2.66E-03	3.60E-04	4.82E-03	2.74E-03	2.47E-03	4.49E-03	1.02E-03
A[C>T]T	8.09E-04	3.28E-03	6.27E-05	3.80E-03	3.69E-03	1.86E-03	1.44E-03	2.60E-03
A[T>A]A	4.68E-04	9.69E-04	9.63E-06	2.09E-03	1.94E-03	1.64E-03	3.91E-04	1.44E-03
A[T>A]C	4.79E-04	1.34E-03	1.34E-04	2.00E-03	2.66E-03	1.87E-03	1.33E-03	5.43E-04
A[T>A]G	1.12E-03	1.69E-03	1.50E-04	2.30E-03	2.49E-03	3.07E-03	7.45E-04	2.92E-03
A[T>A]T	4.78E-04	9.20E-04	1.86E-04	1.39E-03	1.12E-03	1.43E-03	9.47E-04	1.08E-03
A[T>C]A	6.28E-04	2.02E-03	2.36E-04	9.23E-03	3.97E-03	5.60E-03	3.16E-04	1.36E-03
A[T>C]C	2.17E-04	3.53E-04	2.46E-04	5.56E-03	3.16E-03	4.74E-03	1.14E-03	8.01E-04
A[T>C]G	3.51E-04	2.73E-03	2.08E-04	6.38E-03	2.68E-03	5.55E-03	9.76E-04	2.41E-03
A[T>C]T	1.00E-04	7.40E-04	3.64E-04	4.25E-03	6.34E-03	4.35E-03	1.88E-03	3.28E-03
A[T>G]A	9.91E-05	3.45E-04	0.00E+00	9.01E-04	3.43E-04	6.15E-04	4.81E-04	2.20E-03
A[T>G]C	8.95E-05	6.97E-04	4.24E-05	9.08E-04	8.73E-06	1.74E-07	2.12E-06	1.22E-03
A[T>G]G	2.44E-04	1.38E-03	0.00E+00	1.08E-03	1.36E-03	7.12E-04	6.65E-04	1.83E-03
A[T>G]T	1.19E-04	3.09E-04	1.99E-05	9.50E-04	6.59E-04	1.45E-04	8.92E-04	1.09E-03
C[C>A]A	2.59E-03	9.19E-03	5.58E-04	7.77E-03	7.89E-03	4.02E-03	7.09E-04	1.11E-03
C[C>A]C	3.25E-03	9.16E-03	1.40E-46	4.72E-03	6.01E-03	1.03E-03	6.97E-05	2.25E-04
C[C>A]G	2.43E-03	6.25E-03	1.74E-04	1.21E-03	8.14E-03	2.55E-03	1.26E-06	9.31E-04
C[C>A]T	2.62E-03	4.77E-03	3.13E-04	5.69E-03	1.29E-03	3.02E-03	3.86E-04	2.45E-07
C[C>G]A	1.85E-03	7.29E-03	2.89E-04	2.37E-03	3.62E-03	1.62E-03	1.37E-03	2.81E-03
C[C>G]C	1.02E-03	3.41E-03	3.52E-04	3.77E-03	3.90E-03	1.98E-03	9.57E-04	2.30E-04
C[C>G]G	9.00E-04	1.82E-03	2.37E-04	2.99E-03	1.76E-03	9.05E-04	3.13E-07	9.54E-04
C[C>G]T	6.50E-04	3.53E-03	4.99E-04	2.51E-03	2.83E-03	2.20E-03	7.15E-04	5.99E-05
C[C>T]A	3.17E-03	9.42E-03	1.22E-03	6.56E-03	8.38E-03	8.21E-03	2.94E-03	2.34E-03
C[C>T]C	2.04E-03	6.40E-03	3.23E-04	5.90E-03	6.05E-03	5.51E-03	1.67E-03	1.34E-03
C[C>T]G	1.39E-03	2.56E-03	9.11E-04	4.59E-03	5.03E-03	4.24E-03	5.63E-03	6.80E-04
C[C>T]T	1.71E-03	7.12E-03	9.38E-04	9.36E-03	5.36E-03	6.29E-03	2.11E-03	1.93E-03
C[T>A]A	3.48E-04	1.17E-03	3.74E-05	1.62E-03	1.60E-03	2.11E-03	4.47E-08	1.55E-03
C[T>A]C	6.78E-04	2.12E-03	1.77E-04	1.98E-03	2.61E-03	1.33E-03	1.70E-05	2.94E-03
C[T>A]G	2.27E-03	5.24E-03	3.99E-04	3.40E-03	5.47E-03	8.94E-04	2.37E-07	1.44E-03
C[T>A]T	1.55E-03	3.35E-03	2.12E-04	4.59E-03	3.28E-03	3.10E-03	0.00E+00	2.09E-03
C[T>C]A	4.98E-04	8.22E-04	1.96E-04	3.25E-03	2.62E-03	3.69E-03	5.74E-04	2.38E-03
C[T>C]C	2.21E-04	1.32E-03	2.02E-04	1.89E-03	2.46E-03	1.38E-03	7.51E-04	3.04E-03
C[T>C]G	9.30E-04	2.68E-03	5.31E-05	4.61E-03	1.84E-03	2.92E-03	1.73E-03	3.10E-03
C[T>C]T	1.55E-04	2.52E-03	1.06E-08	5.36E-03	1.99E-03	2.90E-03	1.10E-03	5.39E-03
C[T>G]A	1.29E-04	5.54E-04	1.06E-04	6.58E-04	9.17E-04	8.54E-04	1.32E-04	8.74E-04
C[T>G]C	1.41E-04	7.06E-04	1.73E-04	1.11E-03	4.53E-04	1.20E-03	1.02E-03	1.76E-03
C[T>G]G	5.63E-04	3.88E-03	7.71E-05	3.06E-03	2.28E-03	2.61E-03	1.37E-03	1.57E-03
C[T>G]T	2.92E-08	1.20E-07	1.16E-07	1.77E-07	5.43E-08	3.79E-07	2.80E-07	3.42E-03
G[C>A]A	3.76E-03	7.61E-03	6.73E-04	5.12E-03	3.41E-03	2.33E-03	1.29E-03	1.14E-03
G[C>A]C	1.05E-03	4.90E-03	4.16E-04	7.02E-03	4.75E-03	2.03E-03	1.28E-03	2.01E-03
G[C>A]G	3.19E-03	2.87E-03	3.13E-04	1.72E-03	9.06E-03	3.46E-03	1.15E-06	1.21E-07
G[C>A]T	1.85E-03	3.94E-03	5.19E-04	5.06E-03	3.30E-03	1.84E-03	4.53E-04	2.03E-03
G[C>G]A	8.53E-04	1.52E-03	3.90E-04	3.18E-03	3.56E-03	2.46E-03	5.20E-04	2.26E-03
G[C>G]C	1.01E-03	2.40E-03	3.71E-04	3.51E-03	1.40E-03	2.03E-03	3.88E-04	1.71E-03
G[C>G]G	1.15E-03	2.66E-03	3.22E-05	3.36E-03	1.05E-03	1.17E-03	1.02E-04	1.74E-04
G[C>G]T	8.16E-04	2.68E-03	4.51E-04	4.33E-03	2.88E-03	1.50E-03	6.88E-04	1.83E-03
G[C>T]A	8.33E-04	2.74E-03	5.00E-04	5.16E-03	7.53E-03	6.86E-03	2.64E-03	1.69E-03
G[C>T]C	7.75E-04	1.12E-03	2.93E-04	2.87E-03	2.89E-03	6.58E-03	2.74E-03	1.92E-03
G[C>T]G	2.79E-04	6.73E-04	2.92E-04	3.90E-03	2.59E-03	8.92E-03	7.97E-03	9.05E-04
G[C>T]T	8.60E-04	1.89E-03	3.10E-04	4.18E-03	2.40E-03	6.63E-03	3.08E-03	3.00E-03
G[T>A]A	8.13E-04	2.57E-03	1.53E-04	1.78E-03	1.48E-03	1.41E-03	1.04E-05	1.41E-03
G[T>A]C	6.85E-04	1.31E-03	0.00E+00	1.58E-03	2.72E-03	1.23E-03	1.24E-03	1.65E-03
G[T>A]G	1.12E-03	2.81E-03	2.64E-04	4.48E-03	4.27E-03	1.40E-03	1.55E-03	5.62E-04
G[T>A]T	7.23E-04	1.28E-03	0.00E+00	2.64E-03	1.69E-03	1.30E-03	1.75E-07	1.07E-03
G[T>C]A	2.07E-04	2.66E-03	3.66E-04	2.02E-03	2.87E-04	6.83E-03	2.42E-03	7.02E-04
G[T>C]C	1.58E-04	1.28E-03	1.53E-04	1.79E-03	1.11E-03	3.14E-03	2.69E-03	1.07E-03
G[T>C]G	4.50E-04	1.43E-03	1.18E-08	2.01E-03	1.20E-03	4.69E-03	1.56E-03	2.57E-04
G[T>C]T	1.40E-46	6.71E-04	2.39E-04	2.99E-03	2.14E-03	3.55E-03	1.37E-03	1.57E-03
G[T>G]A	1.90E-04	7.55E-04	4.26E-05	8.32E-04	5.40E-04	9.03E-04	2.06E-04	1.62E-08
G[T>G]C	0.00E+00	1.89E-04	1.14E-04	2.09E-04	6.75E-04	1.48E-03	3.18E-04	1.27E-03
G[T>G]G	2.70E-04	1.49E-03	1.46E-04	1.77E-03	1.42E-03	6.85E-04	3.09E-04	5.45E-04
G[T>G]T	1.25E-04	1.22E-04	1.18E-04	2.46E-06	2.17E-04	3.19E-07	2.51E-04	2.44E-03
T[C>A]A	1.82E-03	4.73E-03	6.54E-04	4.77E-03	5.36E-03	3.16E-03	2.22E-04	3.68E-03
T[C>A]C	2.80E-03	8.45E-03	7.65E-04	5.25E-03	6.51E-03	2.52E-03	3.36E-03	2.30E-03
T[C>A]G	1.50E-03	4.01E-03	4.71E-04	2.29E-03	2.53E-03	2.05E-03	9.79E-05	0.00E+00
T[C>A]T	2.61E-03	1.09E-02	1.23E-03	1.07E-02	2.08E-03	2.08E-03	4.20E-46	2.14E-03
T[C>G]A	5.25E-04	2.52E-03	1.94E-03	6.66E-03	2.17E-03	3.60E-03	1.05E-03	3.20E-04
T[C>G]C	1.32E-03	2.31E-03	7.56E-04	6.09E-03	4.89E-03	9.11E-05	1.37E-03	1.61E-03
T[C>G]G	5.38E-04	2.00E-03	1.43E-04	2.21E-03	2.18E-03	1.69E-04	1.10E-06	3.00E-07
T[C>G]T	6.77E-04	3.45E-03	2.23E-03	6.00E-03	2.80E-03	3.42E-03	3.44E-04	1.90E-04
T[C>T]A	9.28E-04	2.65E-03	2.02E-03	3.71E-03	7.03E-03	3.78E-03	2.26E-03	4.83E-03
T[C>T]C	1.60E-03	2.94E-03	1.08E-03	5.86E-03	6.06E-03	4.96E-03	4.21E-03	3.56E-03
T[C>T]G	9.79E-06	2.14E-03	8.66E-04	2.47E-03	2.57E-03	5.43E-04	3.15E-03	1.63E-03
T[C>T]T	1.02E-03	3.70E-03	1.51E-03	5.76E-03	3.00E-03	4.42E-03	3.04E-03	3.60E-03
T[T>A]A	4.80E-04	3.19E-03	2.21E-07	1.10E-03	1.75E-03	1.13E-03	5.78E-07	4.95E-04
T[T>A]C	6.96E-04	2.52E-03	1.08E-04	1.83E-03	1.56E-03	1.10E-03	8.13E-04	2.31E-03
T[T>A]G	8.47E-04	2.24E-03	2.38E-04	1.89E-03	1.90E-03	2.02E-03	1.40E-46	3.01E-03
T[T>A]T	5.96E-04	1.29E-03	1.36E-04	8.12E-04	1.72E-03	1.20E-03	6.32E-04	1.26E-03
T[T>C]A	1.09E-04	8.17E-04	2.03E-04	2.91E-03	1.58E-03	3.45E-03	8.80E-04	1.65E-03
T[T>C]C	1.42E-04	6.05E-04	2.04E-04	2.63E-03	1.98E-03	1.97E-03	1.48E-03	2.04E-03
T[T>C]G	2.71E-04	1.41E-03	6.54E-05	2.35E-03	2.48E-04	2.15E-03	4.06E-04	1.49E-03
T[T>C]T	2.39E-04	6.11E-04	0.00E+00	1.18E-03	2.88E-03	3.79E-03	4.13E-04	1.88E-03
T[T>G]A	0.00E+00	8.26E-08	1.20E-04	6.16E-04	1.22E-03	5.42E-04	6.93E-04	3.08E-03
T[T>G]C	0.00E+00	3.45E-04	2.29E-06	9.78E-04	2.01E-03	2.18E-03	3.31E-04	1.71E-03
T[T>G]G	2.21E-04	1.40E-03	1.73E-04	1.65E-03	9.62E-04	1.19E-03	7.82E-04	1.11E-03
T[T>G]T	1.08E-07	4.73E-07	5.92E-09	8.50E-04	6.81E-04	2.03E-07	4.83E-07	3.08E-03
