MutationType	SBS96A	SBS96B	SBS96C	SBS96D	SBS96E	SBS96F	SBS96G	SBS96H
A[C>A]A	0.0404778815805912	0.01931191738694906	0.0015043784253066406	0.014120253734736968	0.0064784643240272995	0.011241496447473765	0.0024770011512146085	0.008593942108564078
A[C>A]C	0.039590354263782504	0.034457748755812645	0.0010452981223352253	0.00891523458994925	0.015430953621398657	0.00535556907998398	0.0028439067485805936	0.006859300866329932
A[C>A]G	0.02693980038166046	0.01866210644578814	0.0007405157085685233	0.0008037931633261053	0.011272633904400208	0.000644199454501404	3.395360195668218e-07	0.0002606391912600259
A[C>A]T	0.027321446128189562	0.01724019874818623	0.0008911163564590651	0.005046590988058597	0.008910257928073406	0.004428969092145962	0.0014780213929725505	0.0013911933333758952
A[C>G]A	0.003073904407210648	0.013465883699245751	0.0002311353946620187	0.016871724677730526	0.013632785502159095	0.004587796746261574	5.959101088137686e-08	0.0004792499970278641
A[C>G]C	0.0009840238673831437	0.011235739104449749	0.0016874452354386448	0.015147018575953552	0.006073156523052603	0.004183974408078939	0.0023638654332117427	2.8025969286496343e-46
A[C>G]G	0.0015202623239019887	0.007803795603103935	0.0001163109511253424	0.007033114932710305	0.002301651216112077	0.002257020294200629	0.0013750811120075922	0.006224346905946731
A[C>G]T	0.0006487057094341277	0.012334962515160523	0.0013609122906931856	0.012631302187219261	0.007276440423447659	0.006701676460164663	0.0006991581176407635	0.0019557039719074964
A[C>T]A	0.005951543583068997	0.01061787900980562	0.004655603040009737	0.021056074020452797	0.01569158723577857	0.009272863622754812	0.019254468684084713	0.008148152893409134
A[C>T]C	0.0037826777959708126	0.0070101623539812865	0.0004076199615951737	0.012882504961453378	0.01572193009778857	0.01190816257148981	0.029387665539979936	0.0010068901071448976
A[C>T]G	0.000860771388397552	0.0041500824270769955	0.0007418607332510873	0.009876841306686401	0.005845332378521561	0.005653080789471687	0.17186244130134581	0.005854507302865386
A[C>T]T	0.0023710916286914614	0.010557686630636453	0.0001092166997885613	0.014447832689620554	0.014438741886988283	0.006066697912660857	0.010830726148560644	0.007261993386782706
A[T>A]A	0.002864963712636381	0.0024838994802848903	9.625343227526174e-06	0.00572805164847523	0.009065663651563227	0.005426997252743604	0.000724660191917792	0.0070283051114529375
A[T>A]C	0.00151620395217833	0.004295581113547086	0.0003181232590577565	0.00643545612692833	0.008838183642365039	0.009579052904155106	0.0094582237303257	0.001000624090738711
A[T>A]G	0.007773421960882843	0.010929297422990203	0.0009319631382822991	0.0076417946489527825	0.008024941007300867	0.016896008397452533	0.000909329141722992	0.006135184178128838
A[T>A]T	0.0016681925510056317	0.0014560271110255485	0.0018224509374704212	0.0032459530513733624	0.0038664690917357804	0.009055274212732911	0.00125464747674755	0.005137601646129042
A[T>C]A	0.0014514365985633048	0.008749642503744326	0.0005373147403588518	0.029003830836154522	0.009301120543386786	0.03220995783667604	0.0004743647400346163	0.003883866162470895
A[T>C]C	0.00021713708755175532	0.00035267777275294065	0.0008448135950899882	0.012018513772636652	0.005302166274731235	0.01583691395353526	0.004273075058392806	0.003242184413193172
A[T>C]G	0.0010226940969005228	0.008570180064998567	0.00020806340035051107	0.0309741685166955	0.006933399887853293	0.0558042872697115	0.000976708184907693	0.006242801721407431
A[T>C]T	0.00014932931517250836	0.0012984978733584286	0.0014563922183540967	0.01574222804047167	0.013659586105495692	0.01350334296002984	0.009805803489871322	0.01535877762362361
A[T>G]A	0.00025574496790730094	0.0008066150920427618	0.0	0.0024056902504526077	0.00042230508821887723	0.0018613019777717454	0.0018966277537401765	0.005924061680798331
A[T>G]C	0.0001661350294227759	0.0020307212485931813	4.278887900284189e-05	0.0015868894714003545	8.771407541985354e-06	2.737046884249139e-07	3.767248389863198e-06	0.01378625794313848
A[T>G]G	0.000822494039312005	0.0027752004069043325	0.0	0.0025051755597814917	0.0042995215393602845	0.002803363831480965	0.0024460281148833475	0.003487868034660835
A[T>G]T	0.0002791027072817087	0.0005724766597268172	2.9797296501499205e-05	0.0018277690471244056	0.001645914907965107	0.00014640077353078595	0.0022198109881742313	0.014905456081032753
C[C>A]A	0.09254487007856368	0.03000203631847853	0.004562887537758797	0.024680803599767386	0.017584812771667076	0.010908541455864906	0.0007088346872478723	0.0031045256180128435
C[C>A]C	0.09773835241794586	0.044515542615039295	1.4012984643248171e-46	0.010249638720981835	0.008478397805220084	0.0015212604364535308	7.211899768435614e-05	0.0002749101167353274
C[C>A]G	0.05479754954576492	0.012910474964337481	0.00017366122121984518	0.0018109604068079932	0.02304590691892372	0.00651652920523702	2.732307467567807e-06	0.0009340622697614265
C[C>A]T	0.06786979511380195	0.0683228325098753	0.0008465678433395851	0.010701915854588151	0.0018608225513617072	0.005590003762449669	0.0004218756817863323	4.528946291770808e-07
C[C>G]A	0.0059677435550838705	0.02676664007594809	0.0041080702561885115	0.004938382422551513	0.010134672233834862	0.00376611752435565	0.00425497370076755	0.004047489174536167
C[C>G]C	0.006498377863317728	0.009758180053904653	0.0016725935009219484	0.009914347168523819	0.013311660964973271	0.004296060302704063	0.0011148100020363927	0.00023012211310629026
C[C>G]G	0.006008116088923998	0.0074774559121578935	0.0009814988676225766	0.010572238021995872	0.00389750898903003	0.0010807877348270266	4.7312805975252557e-07	0.002312978613190353
C[C>G]T	0.003317172493552789	0.017375963693484663	0.004709721589460969	0.018658077251166104	0.01472156757954508	0.008415114367380738	0.0010253491112962366	5.990316858515143e-05
C[C>T]A	0.01423914092592895	0.028669165074825288	0.011794112809002399	0.017185195069760083	0.06174562871456146	0.017511216597631572	0.011666132307188094	0.015630592475645244
C[C>T]C	0.007904043805319816	0.019604229321703314	0.0005842101556481794	0.026334272147505545	0.04705942925065756	0.018122811382636436	0.006583830388262868	0.004464483626935589
C[C>T]G	0.005851069161494848	0.008117870055139064	0.004597869253484532	0.014752432378008962	0.022652395023033022	0.009236797573976219	0.14463259130716324	0.002147425745442888
C[C>T]T	0.006202639825642109	0.03348172539845109	0.00751301171258092	0.0552064030431211	0.013239625096321105	0.02488444922491908	0.004535423079505563	0.014778956165537238
C[T>A]A	0.006482717394828796	0.004118003207508991	5.219690210651606e-05	0.006205710333347923	0.006251399789471179	0.0076550227822735906	4.468193992579472e-08	0.005232206036776432
C[T>A]C	0.011716518364846707	0.004935151818526861	0.0006742090394254774	0.004415371408686042	0.00820633517123497	0.0023640072058014995	1.7375756169712985e-05	0.018173355748876928
C[T>A]G	0.03378112930804491	0.05204443708062172	0.0016015194822102785	0.008599233923564497	0.012925700284540653	0.0008947409960455843	2.571639740267528e-07	0.007674899976700544
C[T>A]T	0.007792678661644459	0.009854030144924763	0.00044107522844569755	0.011794282123446465	0.006965136308645014	0.008494509355102764	0.0	0.015991023741662502
C[T>C]A	0.001442432327894494	0.0008317589337821119	0.0007849258545320481	0.008509378833696245	0.01212447751313448	0.015221836557611824	0.0012513602036051453	0.01132231205701828
C[T>C]C	0.0005581165387411604	0.0064372307271696625	0.0007306630650418811	0.007732287095859647	0.0038646545304800383	0.013055668072775006	0.0013335476173352845	0.028811604343354703
C[T>C]G	0.006235847668722272	0.00759339639917016	0.00014643311005784198	0.02141353888437152	0.0048824446159414945	0.03306951355189085	0.007448488939553499	0.026230153627693653
C[T>C]T	0.00034597070189192893	0.005658073944505304	1.0551320883678272e-08	0.01660988265648484	0.004213623586531412	0.0080530862840817	0.0012795481330812209	0.0663617666810751
C[T>G]A	0.00037929900144035856	0.0009335419570561498	0.0004392852250020951	0.0019458207420484542	0.0016691667668055743	0.0011360649709075687	0.00023086670229020002	0.0008744095720977895
C[T>G]C	0.0003876938397297636	0.0014983354951255024	0.0006198969087563456	0.001757025031838566	0.001027018076274544	0.004667491908185184	0.003457593292114325	0.015188934979960322
C[T>G]G	0.0017016442514432128	0.006980361405294388	0.00012763528648065403	0.007023986335843802	0.01442415313795209	0.0124165547080338	0.004448798694647848	0.004734484967775643
C[T>G]T	2.9201001439105313e-08	2.428092159334483e-07	3.163345340340129e-07	3.8811479043943107e-07	8.083469922569049e-08	8.118906237086776e-07	2.0300078631407814e-06	0.12160235717892647
G[C>A]A	0.03753586877137423	0.023862615786492826	0.005029545305296779	0.021830982994288206	0.010008535627275706	0.0036267641000449656	0.004282640502788126	0.00209634630009532
G[C>A]C	0.04582133702933788	0.023227021284401416	0.004202590533532202	0.01718188568751202	0.029123812075704338	0.00824390688794665	0.0029689999297261237	0.00850667617050931
G[C>A]G	0.027990070916712285	0.003763782465659915	0.0008613522127745909	0.003282255399363976	0.05167677577110794	0.006903666753140669	1.2783737133759132e-06	1.2099272908017156e-07
G[C>A]T	0.029372566752135752	0.010426909290254116	0.0023848946555517616	0.01809078911319375	0.014109493442811072	0.005378119181841612	0.0005151684337761254	0.007222080836072564
G[C>G]A	0.0038640582701191307	0.003484293958456419	0.0009289377260984111	0.012904738401994109	0.01586180422518737	0.005167554422382636	0.0006441562669351697	0.005125646817643314
G[C>G]C	0.0044759665383026	0.008670881250873208	0.0029992665338795634	0.01729098679497838	0.0026528158341534436	0.008463136479258537	0.0009030081739183516	0.0046059797605266795
G[C>G]G	0.0061925709954948616	0.004326734849018976	4.477018155313317e-05	0.011642863182350994	0.0022771024289568232	0.0017862370513579862	0.00010249434668878621	0.00023065855507979903
G[C>G]T	0.00284692938439548	0.00769002854979135	0.0022190543240867555	0.011867936167982407	0.009442510083317757	0.00318872826956067	0.0009091946296393872	0.004949274526074987
G[C>T]A	0.002274141377711203	0.0034847460919991136	0.004723193636164069	0.019571769260801376	0.022481398073904302	0.03054250661716651	0.03258571308106184	0.0057170901913195845
G[C>T]C	0.004506768123246729	0.002014388976385817	0.0015918971228529699	0.011212081887060776	0.006791367995901965	0.04977162629365921	0.060559213533997534	0.008510386850684882
G[C>T]G	0.0005608192613635766	0.0006729439366608859	0.0005207683687331155	0.008469487009159593	0.003410106338560581	0.025079411640763282	0.19603081196546554	0.0029338620478938536
G[C>T]T	0.005012551683466882	0.0044152071583084766	0.003188772907014936	0.01426522103138268	0.007295643864199519	0.039087101630866525	0.025373526941984893	0.004037458641687408
G[T>A]A	0.004243107861839235	0.006282774521969259	0.0002831362362485379	0.01337900091893971	0.0022647532052360473	0.004605452611576766	1.0392136299941512e-05	0.011833869060501457
G[T>A]C	0.0027025638381019236	0.0046124605520162735	0.0	0.0020154863050265703	0.015567131200805306	0.003180859377607703	0.004728375757343884	0.004382689833852283
G[T>A]G	0.010143052553758025	0.0074862446697579795	0.0005141560643096455	0.01288663263366061	0.016480847797356545	0.0040591862751170995	0.0037889373628459564	0.001613874586010411
G[T>A]T	0.0028558299768178586	0.0031166338552992556	0.0	0.011229319125413894	0.004532540258765039	0.004173399810679257	1.7454112821724266e-07	0.003786274283754665
G[T>C]A	0.00028172360912321893	0.004306050942977891	0.0019120521857985296	0.002704571405774914	0.000291788902177359	0.06212246157228947	0.008594002717813964	0.002434183993318584
G[T>C]C	0.00022051656269468368	0.0020788263762369754	0.0007699687412241474	0.0035748311202041805	0.002613328874576837	0.018280976757523604	0.015307099651545286	0.006983895506709814
G[T>C]G	0.0008590145502239465	0.0032816224731504915	1.177507584770865e-08	0.005197302422402572	0.0015309897568471342	0.05444509573280811	0.004745095145223388	0.00039969943147042384
G[T>C]T	1.4012984643248171e-46	0.0019558850210160015	0.0007343089178903029	0.010797557621234332	0.005928351834882051	0.02396543901413679	0.008445200521964579	0.006607725868354919
G[T>G]A	0.00046509597520483226	0.0019420063075813233	5.300215044534706e-05	0.0020302707911469043	0.0013526547264746114	0.0025095860041346894	0.0005866693814425616	2.2893419071579045e-08
G[T>G]C	0.0	0.0002210900405771099	0.0001749293160234977	0.000318678090621205	0.0016962414374575019	0.006156426202505827	0.0005617814577647095	0.005820073222275823
G[T>G]G	0.0009914397087413818	0.006517355772666633	0.000377988956279296	0.002776125955159614	0.00384585817810148	0.0019028374226763844	0.0007336873667199484	0.002090990910073742
G[T>G]T	0.0001765212664481375	0.00012215307215228676	0.00038072616646900315	3.6504496915057415e-06	0.00021748110784756137	4.88116305064068e-07	0.0002531585134434522	0.03549865037202835
T[C>A]A	0.03884949125349522	0.016130845434963702	0.026559847965836526	0.009612224670127035	0.017101405879962783	0.0072154870722442865	0.00022208560242233943	0.019764553094501026
T[C>A]C	0.06645707190036773	0.045406118407845496	0.012967857345938683	0.0089034971781075	0.03221816059958656	0.005323227308690548	0.00955908028408885	0.009424653486348689
T[C>A]G	0.01955889454111457	0.009651434210354637	0.003899801487568766	0.00395946924778059	0.026656325720250607	0.005649614040692086	9.795096535754055e-05	0.0
T[C>A]T	0.03445288222283125	0.0704341346397996	0.009704490331932903	0.026929779491217685	0.00586728306261648	0.002898734453037832	4.203895392974451e-46	0.004187436725541715
T[C>G]A	0.0008187223015170275	0.007530863911779306	0.14511638879776	0.013353471644222736	0.0030960697336809063	0.008769986001470897	0.0010479265816400129	0.0003238689690988394
T[C>G]C	0.004096887190826237	0.007620660401880741	0.04382966421544552	0.017393496341537685	0.03472454734146595	0.00012419226394513316	0.0035953227430582046	0.002954735234379768
T[C>G]G	0.0011710662794939708	0.009731805440969766	0.015268240123987198	0.005073117006148209	0.0043084998022095535	0.00028851584118001484	1.2517807363110479e-06	3.5840270200537817e-07
T[C>G]T	0.0015404340345412492	0.005708187450170499	0.16437525302171707	0.02421175026649962	0.007347356039099395	0.009349415560328112	0.0003444954648841758	0.00018955257255584
T[C>T]A	0.0023020559223368765	0.0026498835533857344	0.23534431010484697	0.0037730639742221683	0.02390780337154865	0.006299662450328469	0.003873331969407445	0.07353703640401363
T[C>T]C	0.006818138994276524	0.007927309500519186	0.060682233050465585	0.015671996399760246	0.0447772117331624	0.012341615767218173	0.021553654968738557	0.03453118372708559
T[C>T]G	9.790095646167174e-06	0.006529315910302103	0.055890459939837454	0.00638010548427701	0.0075044231722131375	0.0005435129797362493	0.09195916280150414	0.008823862532153726
T[C>T]T	0.003153128467965871	0.010031577479094268	0.12238977029919625	0.019460210017859934	0.004505335725843907	0.015974667482078077	0.007042396591430133	0.0527604591101408
T[T>A]A	0.0020793856005184353	0.004409401933662594	3.640866111709329e-07	0.0038672448907033363	0.008443619398167356	0.0023237960550087423	8.291782251035329e-07	0.0014348765927934437
T[T>A]C	0.0020631842911825516	0.01089158682152629	0.00020614045206457376	0.006027860566973686	0.002791137603844618	0.0032243628054857256	0.0018937301472885081	0.008909861068241298
T[T>A]G	0.00650972209405154	0.009015249169897288	0.00089035180862993	0.005790613592330374	0.0063386513385921715	0.00591471190291486	1.4012984643248171e-46	0.009423371132993453
T[T>A]T	0.0034068915992975235	0.003321219503413886	0.00021215738961473108	0.0019463401244138368	0.004957561759511009	0.0019347739364889093	0.0020329327156218824	0.008958732010796666
T[T>C]A	0.00012137847697886172	0.0025398219702765347	0.00027613278944045306	0.007956982450559735	0.0027857272187247874	0.01816913946531713	0.0013545945360306177	0.006644542864523828
T[T>C]C	0.0002053516625892371	0.0014538417453877628	0.0007860765734221786	0.006598316644613078	0.004101987089961767	0.01234977545682341	0.005574928669341261	0.015267386939376593
T[T>C]G	0.0006694832787616179	0.0035860663978382946	9.558542352579024e-05	0.00490780601720644	0.0002484225435182452	0.028922099992632865	0.0004704438931214305	0.009061941970139742
T[T>C]T	0.00033311501611024143	0.002630352205596864	0.0	0.003909402439398945	0.0048529282394156326	0.017426887387409808	0.000698118886497312	0.00947941248305142
T[T>G]A	0.0	8.262147161985922e-08	0.0003205085682566278	0.0012652522480152584	0.0030610212345891343	0.0005877654545656697	0.0021536797174121604	0.007534385286271572
T[T>G]C	0.0	0.00034549518022686243	2.366816967480645e-06	0.0019402489537412749	0.00706832364667207	0.0035052885868935846	0.0005735133723959507	0.008432035718578845
T[T>G]G	0.0005178866733331234	0.005435834592208266	0.00043148390104761345	0.006733735580928624	0.0024682915245648474	0.00391782149320079	0.0018117386138214898	0.005085120088187978
T[T>G]T	1.9139204425755453e-07	5.312056678974386e-07	7.170708204995435e-09	0.0008501768441874447	0.0006859131177634481	3.2040467772276316e-07	3.181150839282054e-06	0.06353080347180366
