MutationType	SBS96A	SBS96B	SBS96C	SBS96D	SBS96E	SBS96F	SBS96G	SBS96H	SBS96I
A[C>A]A	0.034757792763411996	0.030284426594153046	0.018063210325394152	0.0003966904212973077	0.028633799147792162	0.0027076294314611004	0.0065239176767136085	0.001885862910529609	0.007457319122204353
A[C>A]C	0.03673524223268032	0.01720863366499543	0.04315315911662765	0.0006026846938766539	0.01005773622309789	0.020240651350468396	0.002965777535291636	0.0009694676149592851	0.006378125070682472
A[C>A]G	0.028370582778006793	0.019514371214199855	0.007587969889254964	0.0020428436734391655	2.9105221798886303e-06	0.016538048277629967	4.15939075537608e-07	1.2623189746818752e-07	3.845209164410335e-07
A[C>A]T	0.028326397947967052	0.02190883895382285	0.013532823324203492	0.0007933800981845707	0.004157042988072135	0.007397267018558295	0.0010338715411421617	0.0007628148094113417	0.0012497701682150364
A[C>G]A	0.0030328052467666566	0.008964840276166796	0.00934186140075326	4.290817981029704e-05	0.020574927917914466	0.015287704706679506	0.0012476364824919983	2.7330470757647164e-07	0.0009905856458914287
A[C>G]C	0.0017160924151539802	0.0037702770417467947	0.008607955317711458	0.0012490344583056868	0.013703058939427137	0.008042402367573231	0.0041480798739939925	0.002871423389365191	2.8688319275715912e-08
A[C>G]G	0.0021125970059074463	0.0005088918871479109	0.010821501939790323	0.00020375057720229962	0.005543235060758889	0.004482690198346973	0.0001946399304415536	0.0021230205520311072	0.006113177794031799
A[C>G]T	0.0021785458899103104	0.0022442605266405737	0.0101036831503734	0.0011577934616980202	0.005001558340154588	0.015373095916584135	0.0069368141440236284	0.0006432107416912914	0.00377635097829625
A[C>T]A	0.00748466671211645	0.012369030516128986	0.009025837504304945	0.005298129329457879	0.017712062550708653	0.014066969917621464	0.0065489496337249875	0.02021776167675853	0.010293538449332118
A[C>T]C	0.0026206815615296363	0.01210060422308743	0.004614326616865583	0.0008022758048284118	0.013714537493069657	0.018030801322311163	0.007001452129225072	0.030935817398130894	0.0007633847024408169
A[C>T]G	0.001251819939352572	0.0014255220732593444	0.002109874156305789	0.0017284310306422412	0.007406053698377946	0.013476255427508476	0.003259323816746473	0.1750824362039566	0.006433744193054735
A[C>T]T	0.0020964831695891918	0.0062400759663432835	0.010608381498605013	9.025879029991301e-05	0.00655022085957171	0.015428274217993022	0.012204376142472028	0.010114410521509853	0.005754347813871163
A[T>A]A	0.002083625221376906	0.005724927457049489	0.003085226658731699	4.7341799813693795e-09	0.004426142608281225	0.005729973874986171	0.006674467826815089	0.000655726339755347	0.008016189793124795
A[T>A]C	0.0012455194384529023	0.0029724545776844023	0.005516516038915143	0.00015936661061246581	0.006512053497135639	0.007193449049373158	0.013442961452528834	0.00806313743814826	0.0007212925935164094
A[T>A]G	0.006571956467814744	0.017890687636099755	0.009317533508057353	0.0013019743289419238	0.0076352634467184545	0.004617353117446044	0.014242499174520163	0.000968992825778514	0.005398517684079706
A[T>A]T	0.0023877442232333123	0.00626684760209173	0.0008641103065428979	0.001678805542178452	0.0013965526595711708	0.0012802143231965602	0.007282823557034135	0.0015964612202537865	0.005326208778296859
A[T>C]A	0.0017033625743351876	0.0014360784320160747	0.013681183615699411	0.0016966044873697682	0.018455045158043505	0.014025028236210347	0.03947947863489389	0.000651624374097537	0.0016437059457771852
A[T>C]C	0.0	0.0030765091185458006	0.0	0.00039342518605565144	0.015374775007660445	0.0030903926119208334	0.013203976256772876	0.004448178001098313	0.006133125913547133
A[T>C]G	0.0020030388433951883	0.007671421184869587	0.017893912072759123	0.00021779616363346577	0.01393349744840009	0.006908851515544256	0.06237269826233387	0.002570340863985621	0.003722455507477207
A[T>C]T	0.0003778214915655553	0.003492704639211297	0.003703452367335558	0.0014567018894013017	0.004016456485260278	0.016046585282310843	0.020646858867257832	0.009168463880632772	0.01771279452368617
A[T>G]A	5.90116782404948e-05	0.0007642104932521932	0.001549575655371882	0.0	0.0009496051644958925	0.0011443955590948462	0.0030451538390479983	0.0019287711235165261	0.004940171801717952
A[T>G]C	0.0002659099930951925	0.0	0.0028618545387871564	0.0002310653337978863	6.030013471125528e-06	0.0006218525667012643	0.0003855463470671339	1.708043578219076e-06	0.014273118413984775
A[T>G]G	0.0007480454747565091	0.0034657565876841543	0.0015891295392066241	0.0	0.003082295160987769	0.0032754988642409444	0.003168860551977559	0.002643583458552712	0.0015111623548818899
A[T>G]T	0.00043661888921633365	0.000440867443830939	0.0017661350020716782	0.00012304871872004242	0.00022099383641034366	0.002108823915477842	0.00020127806346863507	0.001945895059520808	0.017001197673380375
C[C>A]A	0.08790210410952567	0.06959738470613956	0.04539901348939566	0.004434560425579548	0.006466481256211409	0.005485263626331971	0.00853070570566956	8.426771273661871e-07	0.0015480710077270033
C[C>A]C	0.09621443897485733	0.04726017466036865	0.05334185590675986	1.4516044757328928e-07	0.0007090585005300909	2.661384939983691e-06	0.0037464552825554167	1.5620126077919848e-06	0.00022865035802510647
C[C>A]G	0.0449604162979881	0.059996110200881955	0.01140987894019645	6.148898455649032e-05	1.6913861657030794e-06	0.0023924476646115522	0.006324502815436972	3.518757779374937e-06	0.00013237032332895636
C[C>A]T	0.07414858192205429	0.021564091462641953	0.05622739652171731	0.0008076668702585721	0.009653116195465827	0.009803716088902093	0.009449955634773227	2.7842491959972905e-06	0.0013042879569212574
C[C>G]A	0.005522209260379896	0.0024082303745672105	0.014768141135573388	0.005911365826614201	0.009869648544963638	0.03078285246156156	0.00070871263004193	0.0026032685379732356	0.0012839727880873397
C[C>G]C	0.004364866252797128	0.011678224350364984	0.008154811343410983	0.0022823875860808586	0.006960789169079362	0.0231107278726995	0.0031844865667096656	0.00014966611693125741	5.019578664189339e-06
C[C>G]G	0.005368276173248887	0.0036583427572622904	0.015802647876262198	0.0016398814234037217	0.002714591057161897	0.005410550426086047	0.00208945097614901	0.0002264753186807411	0.0017483496963905053
C[C>G]T	0.005831340418080799	0.004586998969898559	0.013812744687311352	0.0034026555251330136	0.014697183528915048	0.019459497124165635	0.009193018940277398	0.0014686152833746746	0.0001035783439874649
C[C>T]A	0.01021486937534064	0.024064698093570768	0.020397219085134567	0.01823805719614029	0.020570035371929408	0.08574129678308964	0.006922445655800402	0.007979407696984709	0.014899102156050503
C[C>T]C	0.006302214064635337	0.017243014089763163	0.023613254992233122	0.002572004299145192	0.01572451979956213	0.052320453152060506	0.021784067107364535	0.00473057774361223	0.003588950342964381
C[C>T]G	0.006965896452311426	0.004112604772672057	0.01106992163695396	0.003780924282636988	0.011304050393576404	0.031987013231264426	0.008588764350861311	0.14362190514802933	0.0011832401505671442
C[C>T]T	0.011200480628758669	0.00812210759613663	0.052434046287089586	0.005903142131865024	0.01950732059776783	0.02901205236557871	0.027825366193428635	0.0063419100828480375	0.013184183739940635
C[T>A]A	0.007599563524127007	0.005722973658703267	0.0019439009600318968	0.00011876797652803362	0.010106448369333521	0.004936441865243069	0.004937501827953383	3.354016603225318e-05	0.004811810106730263
C[T>A]C	0.008072513388469815	0.015655528288334608	0.008371990945761354	0.0008801453225260047	0.002044937069877051	0.004484554291775566	0.005004790085774857	1.2941696127199976e-06	0.017223537480458618
C[T>A]G	0.0377708911895752	0.016841350657341537	0.04075819542631507	0.0028209194773808123	0.012002921396629063	0.015713887248966784	0.0009134493732631199	1.8793407861039668e-07	0.008809481374919414
C[T>A]T	0.009060203481931239	0.00700898150971625	0.005588448607863938	0.00032091795801534315	0.0068689482868649065	0.008006693515926599	0.013801956016686745	8.279898320324719e-05	0.01669227946549654
C[T>C]A	0.0007732764235697687	0.010614008971606382	0.0021555400337092577	0.0007696935441344977	0.00854218485695144	0.004189934767782688	0.01607842658304435	0.0014405207216896087	0.009826071956194938
C[T>C]C	0.0007344366575125604	0.0023192952859972136	0.007298341364366934	0.0005442632027552463	0.0029497940452529294	0.007422889629378915	0.014796651992946863	0.0010440403479151429	0.031107855215668678
C[T>C]G	0.008646219363436103	0.008652826398611068	0.007940286654047668	3.523438572301529e-05	0.008812253025826066	0.0076955017168074845	0.037438460439443585	0.00902280022855848	0.02659060275182128
C[T>C]T	0.0003541596886279974	0.005334384529851377	0.004603347166380445	3.955045002612678e-08	0.01826524582829734	0.0022351076686391025	0.01019573479425162	0.001517743073912925	0.0722379632294178
C[T>G]A	0.0001529061031760648	0.002565092818258563	0.0009058392664883286	0.000329320840416214	0.000747320897460213	0.0007906898680516861	0.0014229951860329493	0.00018346429861004765	0.0015716685953691468
C[T>G]C	0.000174587476067245	0.0009028117594425567	0.0003603329649195075	0.0004810360830127536	0.004041861230507493	0.0019008697010576725	0.0048402822343632575	0.0028384174487769086	0.016163193760439752
C[T>G]G	0.0012221914337715134	0.005243109911680222	0.0028872777707874774	7.42292875656858e-05	0.008149541244483771	0.0173860868322663	0.014086621208116412	0.003100694832392037	0.0028272468568360408
C[T>G]T	9.729088432663957e-08	2.8025969286496343e-46	4.5023520272025054e-07	2.491654406355792e-07	1.2557381126043766e-07	1.604018450507283e-07	5.068293347676444e-07	2.3198533881441107e-06	0.13934229537844658
G[C>A]A	0.034939998481422666	0.03364709140732884	0.03416727762669325	0.004237081506914819	0.00819333791732788	0.010811543837189675	0.0028230508789420126	0.002343468597428	0.004603469775429403
G[C>A]C	0.045131028071045874	0.02879910126212053	0.03715741373598576	0.003956639743410051	0.006150313140824437	0.02402606839314103	0.012344716114785114	0.0014102524612098933	0.009164293087087572
G[C>A]G	0.021876253839582204	0.052105477452278136	0.0034791642410027636	0.000332197174554949	0.008270059339150749	0.021379809784275495	0.005053222677906888	1.3876636728582525e-07	0.00022007486980157864
G[C>A]T	0.03316493034362793	0.025959452241659166	0.01114327113609761	0.003963434172328561	0.007276213075965643	0.007916028564795851	0.0025088782853629255	0.002033929747994989	0.0066896857651045135
G[C>G]A	0.0026418026644023486	0.01145546764601022	0.002134036715142429	0.00266992671579942	0.009205882577225566	0.013736768811941146	0.009574459820743186	0.00038340428730805344	0.003342872563735
G[C>G]C	0.00619834529934451	0.0039618740323930975	0.008550054288934916	0.004835723026189953	0.008487106300890446	0.008024883642792701	0.010110897803679108	0.0016465511434944347	0.004245138633996249
G[C>G]G	0.007463547841348372	0.0049161997586281815	0.00881357962130096	9.631867959569717e-06	0.005416954214449277	0.0009527578949928284	0.0011952489883611862	8.980789737051964e-05	0.0011103769185154988
G[C>G]T	0.004917143017519265	0.005468604364958026	0.007336580412686544	0.0015823545632883905	0.010452064324636013	0.00770113174803555	0.004054267943138257	0.0008239376234268292	0.007815286740969896
G[C>T]A	0.0026263374122208914	0.015055323869455605	0.006482133590536554	0.0059294892009347675	0.01105769001878798	0.012919975304976105	0.03783491153735667	0.030430372152477504	0.005279259057715535
G[C>T]C	0.005132589698769152	0.004606893220625352	0.0025327892042696478	0.0008728052023798227	0.014160783751867712	0.004240137082524598	0.04698592871427536	0.06600288972258568	0.008315102150663733
G[C>T]G	0.0031502096942858772	0.004671610984951257	0.0029662742745131254	0.0007182291592471302	0.0002073538489639759	0.004230064526200295	0.0260855030734092	0.19764013588428497	0.0025434191164094956
G[C>T]T	0.0049915196985239165	0.002853309758938849	0.009011259931139649	0.003201473585795611	0.011219395697116852	0.009308999445056542	0.036816929327324034	0.028377241641283035	0.001760268293583067
G[T>A]A	0.005095025390619412	0.005803238344378769	0.00812565135929617	8.769885171204806e-05	0.008661136471636155	0.0029791453116104092	0.004835092533889451	0.00023481415410060437	0.011970593594014645
G[T>A]C	0.0017737823851348366	0.007596014393493533	0.008089663685677807	4.507804072737542e-05	0.0015525820897892117	0.013227431708946824	0.0014422330190427602	0.004567092663154426	0.004379365767260879
G[T>A]G	0.012333495356142522	0.013507894286885858	0.006181083796862196	0.0014468021865468473	0.012784963287413121	0.007605001287447522	0.005530228721909225	0.002959815182271086	0.0009926588390953839
G[T>A]T	0.0034404103178530933	0.002292509441031143	0.0014339128974825148	9.353850316529132e-09	0.012029005093288702	0.00798391723074019	0.0043195645722107654	4.618780170062564e-06	0.0033074686736654256
G[T>C]A	0.00146329928096236	0.0015048381059386885	0.0007879785131081008	0.0016731816111132502	0.0047829706501602235	0.0004113766338178948	0.06197494212538004	0.00934092996943292	0.0026320777470573375
G[T>C]C	0.000699065055232495	0.0013772411970421673	0.0012368135876243969	0.000794641697575571	0.0030314174364320934	0.0021329254610463976	0.018079092912375926	0.016479170066304505	0.008005940960720182
G[T>C]G	0.001609954284504056	0.005613657250069082	0.00275797994900131	1.4539190740237019e-09	0.002404350822325796	0.0008420198864769191	0.049160059168934823	0.006908568716669094	0.000623894493119792
G[T>C]T	0.0	0.0027131981449201705	0.00231243628077209	0.0007645206926099491	0.010044121346436442	0.009026099601760507	0.02103144796565175	0.009697049832902848	0.0066323797649261
G[T>G]A	0.0003923605545423925	0.00011543228628809742	0.002819797446136363	6.195074385502153e-05	0.001842127309664221	0.0024575865747465285	0.001593413902151042	0.0006963110411831508	1.1187574955329183e-07
G[T>G]C	2.631334282341413e-05	8.276485430087632e-05	0.0004051415453432128	0.00018037837726296856	0.0003977273270720616	0.0013966444383299859	0.006933126109652221	0.0007664687500138712	0.005467954510822892
G[T>G]G	0.0013365009566769005	0.0007598832881853923	0.0033584779826924204	0.001004352427116828	0.003380995034240186	0.0049670192180201415	0.0020858030780800617	0.0013365736278636575	0.0030199087161449254
G[T>G]T	9.282062696343018e-05	0.0001609539962373674	0.0011785863451734713	0.00047137393374327983	0.0007144157085804181	0.0002190945344409556	0.0007097182416231362	0.0004518072216995961	0.03397848289459944
T[C>A]A	0.041356970369815824	0.029352409864077344	0.01399207366630435	0.024857399240136146	0.013632739521563053	0.00679391932208091	0.006816015811637044	0.000691916118375957	0.02054547283332795
T[C>A]C	0.06168529912829399	0.04971315311267972	0.02571428306400776	0.009134834742872045	0.04309631753712893	0.023692313767969608	0.0020660484209656716	0.007607067088639496	0.008424831856973469
T[C>A]G	0.017827314184978606	0.029225050285458565	0.00684936747720144	0.004515122505836189	0.004067740618647009	0.013874954717971377	0.005386986097960289	4.97929647735873e-08	0.0
T[C>A]T	0.03910322692245245	0.014076191047206522	0.06818400770425796	0.013876351981025437	0.011597642721608282	0.01838473313652571	0.0069327363313277605	6.485173855708127e-08	0.0024940116012430735
T[C>G]A	0.003120697187114274	0.0028190943878144024	0.007649769444833509	0.10408121097545972	0.08396218905616024	1.7919096706009441e-06	0.004578938292457523	0.0006202457258524419	0.0006840726029281541
T[C>G]C	0.004095271485857666	0.009561224048957229	0.016612388379871845	0.030720073729753494	0.041000081971287725	0.0227028654422611	8.407790785948902e-46	0.0015474981579586711	0.003869631903944537
T[C>G]G	0.002651082866316301	0.0036957028773940692	0.00791760761005662	0.01139392526820302	0.011794229224415176	0.0037278068515888664	0.0005499746251906856	8.055345517732348e-07	3.2486263137343483e-07
T[C>G]T	0.002672315575182438	0.005572098895208911	0.0018544504688520647	0.12935806177556514	0.09590918999419955	0.002103923063259572	0.006576382960156479	0.0002549639157834349	2.4087910333037144e-08
T[C>T]A	0.0002434631345028311	0.006814002629835158	0.00014216318932085413	0.27096118181943896	0.025568550778734787	0.02852851152420044	0.0014903813436376368	0.0035370434077986166	0.05779758085445792
T[C>T]C	0.0037918783724308013	0.022514718025922774	0.005719577218405903	0.07720965258777142	0.022334768250584603	0.0411493337713182	0.00983860194683075	0.019446331728249788	0.026868278929032385
T[C>T]G	1.4012984643248171e-46	0.0018400170607492327	0.0036269170232117176	0.05768850184977055	0.0191841013263911	0.015088786464184522	0.0007993743754923343	0.08962690755724907	0.007139552943408489
T[C>T]T	0.0038520572707057	0.011078104190528393	0.007850542458861298	0.14349315762519838	0.015223738849022084	0.0077604930847883224	0.015262513305060565	0.009118080953926721	0.04238917939365757
T[T>A]A	0.0014652777928858996	0.005870048057795429	0.0012486413544110064	0.00043427368067199267	0.007466427599138114	0.005289128401627608	0.0035393144889894756	1.724887511045381e-07	0.001382578108996313
T[T>A]C	0.002363717366824858	0.002176460669579683	0.011654728930443526	0.0018705746522755362	0.00013912317278936827	0.005378719326108694	0.005424400603624235	0.0017108565935437525	0.0065160985686816275
T[T>A]G	0.006874810112640262	0.00877262158319354	0.006115177986794151	0.0010965955589199439	0.003141983482055366	0.0066337539348751305	0.007798453787108884	1.4012984643248171e-46	0.007757227215915918
T[T>A]T	0.003550952218938619	0.0036869942909106613	0.004747672856319695	0.00033144080953206867	0.0012525293335784228	0.00518111321143806	0.0004575297818519175	0.0013736389200630582	0.012197519838809966
T[T>C]A	0.0005180379904459187	0.0007102518109604716	0.0013264032633742318	6.42617575067561e-05	0.010904879300505854	0.0029114322387613356	0.020893155690282585	0.0006888740299928031	0.005787795380456373
T[T>C]C	0.0005286404979415238	0.0003003075486049056	0.002220266928998171	0.001433768612332642	0.0043864454491995275	0.005627377144992352	0.01434684666164685	0.0054269311026530435	0.01681036315858364
T[T>C]G	0.00046838753623887894	0.0021239388967956075	0.004559100503311697	0.00022355181108650867	0.0015588128939270974	0.004006385995138117	0.027484904415905474	0.000915492627234471	0.009906986216083168
T[T>C]T	0.000621192883409094	0.0035376566578634084	0.0023433456728525924	0.0	0.0030328606255352495	0.005380821088328958	0.0121449354570359	0.00277756605646573	0.010997082339599729
T[T>G]A	0.0	0.001085466647055	0.0005840330966748297	0.0003948458299419144	0.0021028015134461953	0.001574568126397935	0.0012531313677982326	0.0021954603482413405	0.005928370228502899
T[T>G]C	0.0	0.003167500649578869	0.00157798754516989	3.690377382223886e-05	0.0021949706438602946	0.0022288459468029487	0.0015396324023697616	0.0004621331516098337	0.014027167053427547
T[T>G]G	0.0005893113033380359	0.0023823373019695284	0.0064039883706016095	0.0009091659724635548	0.004448224417865276	0.006094731437042355	0.0036595909274183213	0.0007214758633836027	0.00489917160011828
T[T>G]T	2.579939376801121e-07	1.976869776854073e-06	0.0	1.0585441216903746e-07	0.0005007618646601486	1.7001602088839717e-06	2.0441822385919294e-07	3.2427824635306023e-06	0.07545216344296932
