Samples	SBS1	SBS5	SBS10a	SBS10b	SBS15	SBS20	SBS40a	SBS54
TCGA-4N-A93T-01A-11D-A36X-10	42	22	0	0	0	0	36	0
TCGA-5M-AAT4-01A-11D-A40P-10	53	78	0	0	49	0	0	0
TCGA-5M-AAT5-01A-21D-A40P-10	31	26	0	0	18	0	0	0
TCGA-5M-AAT6-01A-11D-A40P-10	665	262	0	0	643	0	0	329
TCGA-5M-AATA-01A-31D-A40P-10	38	19	0	0	24	0	0	0
TCGA-5M-AATE-01A-11D-A40P-10	66	20	0	0	0	0	56	0
TCGA-A6-2671-01A-01D-1408-10	30	28	0	0	28	0	0	0
TCGA-A6-2672-01B-03D-2298-08	272	258	0	0	242	181	0	202
TCGA-A6-2675-01A-02D-1719-10	48	27	0	0	26	0	0	0
TCGA-A6-2677-01A-01D-A270-10	69	55	0	19	0	0	0	0
TCGA-A6-2677-01B-02D-A270-10	52	38	0	21	21	0	0	0
TCGA-A6-2678-01A-01D-1953-10	10	8	0	7	0	0	0	0
TCGA-A6-2679-01A-02D-1408-10	50	58	0	0	50	0	0	0
TCGA-A6-2681-01A-01D-1408-10	80	75	0	0	0	0	0	0
TCGA-A6-2682-01A-01D-1408-10	26	38	0	16	0	0	0	0
TCGA-A6-2683-01A-01D-1953-10	21	17	0	0	0	0	0	0
TCGA-A6-2684-01A-01D-A270-10	50	67	0	0	0	0	0	0
TCGA-A6-2684-01C-08D-A270-10	49	56	0	0	0	0	0	0
TCGA-A6-2685-01A-01D-1408-10	22	5	0	0	0	0	26	0
TCGA-A6-2686-01A-01D-1408-10	546	447	0	0	704	328	0	0
TCGA-A6-3807-01A-01W-0995-10	22	0	0	15	0	0	67	0
TCGA-A6-3808-01A-01W-0995-10	42	60	0	0	40	0	0	0
TCGA-A6-3810-01A-01D-A270-10	68	36	0	0	0	0	66	0
TCGA-A6-4105-01A-02D-1771-10	56	67	0	0	51	0	0	0
TCGA-A6-4107-01A-02D-1408-10	86	40	0	0	0	0	69	0
TCGA-A6-5656-01A-21D-1835-10	57	14	0	12	21	0	0	0
TCGA-A6-5656-01A-21D-A270-10	77	33	0	0	0	0	0	0
TCGA-A6-5657-01A-01D-1650-10	55	0	0	15	0	0	55	0
TCGA-A6-5659-01A-01D-1650-10	83	87	0	29	0	0	0	0
TCGA-A6-5659-01A-01D-A270-10	91	92	0	29	0	0	0	0
TCGA-A6-5659-01B-04D-A270-10	66	88	0	31	0	0	0	0
TCGA-A6-5660-01A-01D-1650-10	69	59	0	0	0	0	0	0
TCGA-A6-5661-01A-01D-1650-10	369	184	0	0	430	213	0	0
TCGA-A6-5662-01A-01D-1650-10	23	4	0	0	0	0	33	0
TCGA-A6-5664-01A-21D-1835-10	27	19	5	0	0	0	0	0
TCGA-A6-5665-01A-01D-1650-10	415	374	0	0	658	0	0	221
TCGA-A6-5666-01A-01D-1650-10	60	14	7	11	0	0	0	0
TCGA-A6-5667-01A-21D-1719-10	25	11	0	0	0	0	32	0
TCGA-A6-6138-01A-11D-1771-10	47	25	0	0	0	0	44	0
TCGA-A6-6142-01A-11D-1771-10	30	50	0	0	0	0	0	0
TCGA-A6-6649-01A-11D-1771-10	53	22	0	0	0	0	41	0
TCGA-A6-6651-01A-21D-1835-10	31	23	0	0	0	0	33	0
TCGA-A6-6652-01A-11D-1771-10	30	27	0	0	0	0	28	0
TCGA-A6-6653-01A-11D-1771-10	435	333	0	0	303	0	0	0
TCGA-A6-6654-01A-21D-1835-10	161	39	0	0	0	0	0	0
TCGA-A6-6782-01A-11D-1835-10	44	18	0	0	0	0	87	0
TCGA-A6-A567-01A-31D-A28G-10	29	21	3	10	0	0	0	0
TCGA-A6-A56B-01A-31D-A28G-10	60	37	0	0	0	0	0	0
TCGA-A6-A5ZU-01A-11D-A28G-10	38	24	0	0	41	0	0	0
TCGA-AA-3489-01A-21D-1835-10	32	7	0	0	0	0	60	0
TCGA-AA-3492-01A-01D-1408-10	473	405	0	0	953	0	0	213
TCGA-AA-3494-01A-01D-1408-10	48	6	0	0	0	0	37	0
TCGA-AA-3495-01A-01D-1408-10	64	7	0	0	0	0	53	0
TCGA-AA-3496-01A-21D-1835-10	47	28	0	0	22	0	0	0
TCGA-AA-3502-01A-01D-1408-10	90	36	0	32	42	0	0	0
TCGA-AA-3506-01A-01D-2188-10	102	67	0	0	0	0	0	0
TCGA-AA-3509-01A-01D-1408-10	54	39	0	0	0	0	0	0
TCGA-AA-3511-01A-21D-1835-10	35	58	0	21	0	0	0	0
TCGA-AA-3514-01A-02D-1953-10	26	5	0	0	0	0	0	0
TCGA-AA-3517-01A-01D-1953-10	10	5	0	0	0	0	0	0
TCGA-AA-3519-01A-02D-1953-10	4	1	0	8	13	0	0	0
TCGA-AA-3520-01A-01D-1953-10	21	7	0	0	0	0	0	0
TCGA-AA-3521-01A-01D-1953-10	8	4	3	0	0	0	0	0
TCGA-AA-3522-01A-01W-0831-10	11	10	0	4	0	0	0	0
TCGA-AA-3524-01A-02D-1953-10	5	2	0	0	0	0	6	0
TCGA-AA-3529-01A-02D-1953-10	12	9	0	0	0	0	0	0
TCGA-AA-3530-01A-01W-0995-10	52	44	0	0	0	0	0	0
TCGA-AA-3532-01A-01D-1953-10	6	12	0	0	0	0	0	0
TCGA-AA-3534-01A-01D-1953-10	24	7	0	0	0	0	0	0
TCGA-AA-3538-01A-01D-1953-10	6	10	0	0	0	0	0	0
TCGA-AA-3544-01A-01D-1953-10	6	2	0	5	12	0	0	0
TCGA-AA-3548-01A-01D-1953-10	14	9	0	0	0	0	0	0
TCGA-AA-3549-01A-02D-1953-10	8	10	0	0	0	0	0	0
TCGA-AA-3561-01A-01D-1953-10	10	7	0	0	0	0	0	0
TCGA-AA-3655-01A-02D-1719-10	27	25	0	0	35	0	0	0
TCGA-AA-3660-01A-01D-1719-10	36	32	0	15	40	0	0	0
TCGA-AA-3662-01A-01D-1719-10	40	9	0	0	0	0	34	0
TCGA-AA-3663-01A-01D-1719-10	193	458	0	0	547	431	0	256
TCGA-AA-3664-01A-01W-0900-09	80	79	0	0	0	0	0	0
TCGA-AA-3666-01A-02W-0900-09	53	134	0	0	0	0	0	0
TCGA-AA-3667-01A-01W-0900-09	13	29	0	0	25	0	0	0
TCGA-AA-3672-01A-01W-0900-09	256	395	0	0	871	0	0	144
TCGA-AA-3673-01A-01W-0900-09	43	30	0	0	0	0	0	0
TCGA-AA-3675-01A-02W-0900-09	55	2	0	0	0	0	43	0
TCGA-AA-3678-01A-01W-0900-09	44	18	0	9	0	0	0	0
TCGA-AA-3679-01A-02W-0900-09	38	4	0	0	0	0	32	0
TCGA-AA-3680-01A-01W-0900-09	59	28	0	22	0	0	0	0
TCGA-AA-3681-01A-01W-0900-09	71	10	0	0	0	0	45	0
TCGA-AA-3685-01A-02W-0900-09	41	11	0	0	0	0	35	0
TCGA-AA-3688-01A-01W-0900-09	25	18	0	0	0	0	32	0
TCGA-AA-3693-01A-01W-0900-09	52	2	0	0	0	0	106	0
TCGA-AA-3696-01A-01W-0900-09	39	18	0	0	0	0	34	0
TCGA-AA-3697-01A-01D-1719-10	69	0	0	0	0	0	135	0
TCGA-AA-3712-01A-21D-1719-10	19	0	0	0	0	0	140	0
TCGA-AA-3713-01A-21D-1719-10	222	196	0	0	521	0	0	0
TCGA-AA-3812-01A-01W-0900-09	46	57	0	15	0	0	0	0
TCGA-AA-3814-01A-01W-0900-09	55	8	0	0	0	0	44	0
TCGA-AA-3815-01A-01W-0995-10	244	301	0	0	178	0	0	155
TCGA-AA-3818-01A-01W-0900-09	59	20	0	0	0	0	73	0
TCGA-AA-3831-01A-01W-0900-09	34	24	0	18	29	0	0	0
TCGA-AA-3833-01A-01W-0900-09	164	126	0	0	219	99	0	0
TCGA-AA-3841-01A-01W-0900-09	39	0	0	0	0	0	36	0
TCGA-AA-3842-01A-01W-0995-10	43	23	0	0	0	0	35	0
TCGA-AA-3844-01A-01W-0995-10	34	2	0	0	0	0	92	0
TCGA-AA-3845-01A-01D-1981-10	270	153	0	0	303	137	0	105
TCGA-AA-3845-01A-01W-0995-10	227	168	0	0	244	150	0	97
TCGA-AA-3846-01A-01W-0995-10	36	23	0	0	0	0	38	0
TCGA-AA-3848-01A-01W-0900-09	73	85	0	0	0	0	0	0
TCGA-AA-3851-01A-01W-0995-10	50	42	0	0	0	0	0	0
TCGA-AA-3855-01A-01W-0995-10	67	4	0	0	0	0	74	0
TCGA-AA-3856-01A-01W-0900-09	26	36	0	0	0	0	0	0
TCGA-AA-3858-01A-01W-0900-09	40	22	0	0	0	0	0	0
TCGA-AA-3860-01A-02W-0900-09	17	36	0	0	0	0	0	0
TCGA-AA-3861-01A-01W-0995-10	70	51	0	0	0	0	0	0
TCGA-AA-3862-01A-01W-0995-10	36	60	0	0	0	0	0	0
TCGA-AA-3864-01A-01D-1981-10	1201	262	0	0	1416	0	0	0
TCGA-AA-3866-01A-01W-0995-10	63	9	0	0	0	0	50	0
TCGA-AA-3867-01A-01W-0995-10	45	0	0	0	0	0	53	0
TCGA-AA-3869-01A-01W-0995-10	31	9	0	12	0	0	27	0
TCGA-AA-3870-01A-01W-0995-10	56	47	0	0	23	0	0	0
TCGA-AA-3875-01A-01W-0900-09	59	70	0	0	0	0	0	0
TCGA-AA-3930-01A-01W-0995-10	48	18	0	0	0	0	141	0
TCGA-AA-3939-01A-01W-0995-10	46	73	0	0	0	0	0	0
TCGA-AA-3941-01A-01W-0995-10	56	55	0	0	0	0	0	0
TCGA-AA-3952-01A-01W-0995-10	30	25	0	0	0	0	37	0
TCGA-AA-3955-01A-02W-0995-10	37	14	0	0	0	0	82	0
TCGA-AA-3956-01A-02W-0995-10	56	76	0	0	0	0	0	0
TCGA-AA-3967-01A-01W-1073-09	62	3	0	0	0	0	91	0
TCGA-AA-3968-01A-01W-0995-10	59	6	0	0	0	0	62	0
TCGA-AA-3971-01A-01W-0995-10	31	13	0	0	0	0	44	0
TCGA-AA-3972-01A-01W-0995-10	37	27	0	0	0	0	30	0
TCGA-AA-3977-01A-01D-1981-10	101	65	1721	1858	899	0	0	0
TCGA-AA-3977-01A-01W-0995-10	121	6	1457	1620	701	0	0	0
TCGA-AA-3979-01A-01W-0995-10	36	84	0	0	30	0	0	0
TCGA-AA-3980-01A-02W-0995-10	49	10	0	0	0	0	44	0
TCGA-AA-3982-01A-02W-0995-10	43	37	0	17	28	0	0	0
TCGA-AA-3984-01A-02D-1981-10	182	24	1059	3136	1251	0	0	0
TCGA-AA-3984-01A-02W-0995-10	162	77	964	2688	1023	0	0	0
TCGA-AA-3986-01A-02W-0995-10	50	42	0	0	0	0	0	0
TCGA-AA-3989-01A-01W-0995-10	45	44	0	0	26	0	0	0
TCGA-AA-A004-01A-01W-A00E-09	33	36	0	0	0	0	0	0
TCGA-AA-A00O-01A-02W-A00E-09	30	57	0	0	0	0	0	0
TCGA-AA-A00Z-01A-01D-A17O-10	7	4	0	0	0	0	0	0
TCGA-AA-A010-01A-01D-A17O-10	369	95	2792	3263	2294	0	0	0
TCGA-AA-A010-01A-01W-A00E-09	346	204	2673	2938	1734	0	0	0
TCGA-AA-A017-01A-01W-A00E-09	24	0	0	0	0	0	27	0
TCGA-AA-A01C-01A-01W-A00E-09	31	5	0	0	0	0	41	0
TCGA-AA-A01I-01A-02W-A00E-09	49	15	0	0	0	0	47	0
TCGA-AA-A01K-01A-01W-A00E-09	36	0	0	0	0	0	103	0
TCGA-AA-A01P-01A-21D-A17O-10	245	267	0	0	328	0	0	0
TCGA-AA-A01P-01A-21W-A096-10	170	253	0	0	134	0	0	0
TCGA-AA-A01S-01A-21W-A096-10	27	22	0	0	14	0	0	0
TCGA-AA-A01T-01A-21W-A096-10	29	27	0	0	0	0	40	0
TCGA-AA-A01V-01A-23W-A096-10	48	30	0	15	31	0	0	0
TCGA-AA-A01X-01A-21W-A096-10	39	8	0	0	0	0	26	0
TCGA-AA-A01Z-01A-11W-A096-10	49	46	0	0	0	0	0	0
TCGA-AA-A022-01A-21D-A17O-10	504	346	0	0	628	0	0	0
TCGA-AA-A022-01A-21W-A096-10	420	359	0	0	482	0	0	0
TCGA-AA-A024-01A-02W-A00E-09	34	29	0	0	16	0	0	0
TCGA-AA-A029-01A-01W-A00E-09	38	0	0	10	0	0	37	0
TCGA-AA-A02E-01A-01W-A00E-09	44	52	0	0	0	0	66	0
TCGA-AA-A02H-01A-01W-A00E-09	27	0	3	10	0	0	33	0
TCGA-AA-A02J-01A-01W-A00E-09	31	16	0	23	0	0	57	0
TCGA-AA-A02K-01A-21W-A096-10	53	49	0	0	0	0	37	0
TCGA-AA-A02O-01A-21W-A096-10	105	60	0	0	0	0	0	0
TCGA-AA-A02R-01A-01W-A00E-09	243	266	0	0	262	182	0	111
TCGA-AA-A02W-01A-01W-A00E-09	46	0	0	0	0	0	49	0
TCGA-AA-A02Y-01A-43W-A096-10	46	43	0	23	0	0	0	0
TCGA-AA-A03J-01A-21W-A096-10	45	40	0	16	0	0	0	0
TCGA-AD-6548-01A-11D-1835-10	62	67	0	0	0	0	0	0
TCGA-AD-6888-01A-11D-1924-10	49	32	0	0	24	0	0	0
TCGA-AD-6889-01A-11D-1924-10	354	231	0	0	581	297	0	175
TCGA-AD-6890-01A-11D-1924-10	75	36	0	0	0	0	0	0
TCGA-AD-6895-01A-11D-1924-10	344	687	0	0	705	0	0	0
TCGA-AD-6901-01A-11D-1924-10	101	79	0	0	0	0	90	0
TCGA-AD-6963-01A-11D-1924-10	26	33	0	0	16	0	0	0
TCGA-AD-6964-01A-11D-1924-10	110	917	0	0	596	0	0	0
TCGA-AD-6965-01A-11D-1924-10	57	47	0	0	29	0	0	0
TCGA-AD-A5EJ-01A-11D-A28G-10	322	188	0	0	461	328	0	139
TCGA-AD-A5EK-01A-11D-A28G-10	35	0	0	0	21	0	48	0
TCGA-AM-5820-01A-01D-1650-10	31	20	0	0	15	0	0	0
TCGA-AU-3779-01A-01D-1719-10	55	5	0	0	0	0	54	0
TCGA-AU-6004-01A-11D-1719-10	311	138	0	0	317	0	0	128
TCGA-AY-4071-01A-01W-1073-09	32	89	0	0	0	0	0	0
TCGA-AY-5543-01A-01D-1650-10	55	64	0	0	0	0	0	0
TCGA-AY-6197-01A-11D-1719-10	162	299	0	0	252	177	0	182
TCGA-AY-6386-01A-21D-1719-10	56	56	0	0	0	0	0	0
TCGA-AY-A54L-01A-11D-A28G-10	53	28	0	0	0	0	67	0
TCGA-AY-A69D-01A-11D-A36X-10	92	20	0	26	0	0	69	0
TCGA-AY-A71X-01A-12D-A36X-10	41	6	0	13	26	0	0	0
TCGA-AY-A8YK-01A-11D-A40P-10	29	23	0	0	27	0	0	0
TCGA-AZ-4308-01A-01D-1408-10	20	12	0	11	0	0	25	0
TCGA-AZ-4313-01A-01D-1408-10	845	65	0	0	268	0	0	0
TCGA-AZ-4315-01A-01D-1408-10	207	0	1223	4043	1739	0	0	0
TCGA-AZ-4614-01A-01D-1408-10	70	121	0	0	0	0	0	0
TCGA-AZ-4615-01A-01D-1408-10	297	107	0	0	245	181	0	144
TCGA-AZ-4681-01A-01D-1408-10	32	47	0	0	0	0	0	0
TCGA-AZ-5403-01A-01D-1650-10	24	53	0	0	0	0	0	0
TCGA-AZ-5407-01A-01D-1719-10	55	0	0	0	0	0	47	0
TCGA-AZ-6598-01A-11D-1771-10	427	528	0	0	1220	0	0	0
TCGA-AZ-6599-01A-11D-1771-10	36	0	0	0	0	0	227	0
TCGA-AZ-6600-01A-11D-1771-10	59	83	0	0	0	0	0	0
TCGA-AZ-6601-01A-11D-1771-10	998	480	0	0	904	0	0	0
TCGA-AZ-6603-01A-11D-1835-10	34	25	0	16	0	0	0	0
TCGA-AZ-6605-01A-11D-1835-10	32	56	0	16	0	0	0	0
TCGA-AZ-6606-01A-11D-1835-10	65	16	0	0	0	0	60	0
TCGA-AZ-6608-01A-11D-1835-10	49	101	0	0	0	0	0	0
TCGA-CA-5254-01A-21D-1835-10	99	33	0	0	0	0	71	0
TCGA-CA-5255-01A-11D-1835-10	14	2	0	0	0	0	28	0
TCGA-CA-5256-01A-01D-1408-10	45	35	0	0	0	0	0	0
TCGA-CA-5797-01A-01D-1650-10	19	1	0	0	0	0	46	0
TCGA-CA-6715-01A-21D-1835-10	36	11	4	12	0	20	0	0
TCGA-CA-6718-01A-11D-1835-10	169	487	1695	1566	0	0	0	0
TCGA-CA-6719-01A-11D-1835-10	59	40	0	15	0	0	0	0
TCGA-CK-4948-01B-11D-1650-10	54	7	0	0	0	0	47	0
TCGA-CK-5912-01A-11D-1650-10	29	0	0	0	0	0	28	0
TCGA-CK-5913-01A-11D-1650-10	273	203	0	0	176	133	0	0
TCGA-CK-5914-01A-11D-1650-10	52	55	0	0	35	0	0	0
TCGA-CK-5915-01A-11D-1650-10	54	34	0	0	0	0	0	0
TCGA-CK-5916-01A-11D-1650-10	436	354	0	0	464	0	0	131
TCGA-CK-6746-01A-11D-1835-10	206	235	0	0	414	131	0	138
TCGA-CK-6747-01A-11D-1835-10	65	12	0	19	30	0	0	0
TCGA-CM-4743-01A-01D-1719-10	348	175	0	0	290	191	0	110
TCGA-CM-4744-01A-01D-1408-10	84	65	0	0	0	0	0	0
TCGA-CM-4746-01A-01D-1408-10	333	69	0	0	320	0	0	0
TCGA-CM-4747-01A-01D-1408-10	42	26	0	0	32	0	0	0
TCGA-CM-4751-01A-02D-1835-10	41	19	0	0	34	0	0	0
TCGA-CM-4752-01A-01D-1408-10	71	46	0	14	0	0	0	0
TCGA-CM-5341-01A-01D-1408-10	86	11	0	0	0	0	64	0
TCGA-CM-5348-01A-21D-1719-10	73	12	0	27	0	0	75	0
TCGA-CM-5349-01A-21D-1719-10	53	35	0	16	0	0	0	0
TCGA-CM-5860-01A-01D-1650-10	61	42	0	14	0	0	0	0
TCGA-CM-5861-01A-01D-1650-10	197	363	0	0	506	200	0	146
TCGA-CM-5862-01A-01D-1650-10	47	44	0	0	0	0	0	0
TCGA-CM-5864-01A-01D-1650-10	55	73	0	0	0	0	79	0
TCGA-CM-5868-01A-01D-1650-10	40	28	0	0	0	0	32	0
TCGA-CM-6161-01A-11D-1650-10	51	48	0	0	0	0	0	0
TCGA-CM-6163-01A-11D-1650-10	48	58	0	0	0	0	0	0
TCGA-CM-6164-01A-11D-1650-10	21	45	0	10	0	0	0	0
TCGA-CM-6165-01A-11D-1650-10	43	0	0	0	0	0	66	0
TCGA-CM-6166-01A-11D-1650-10	23	15	0	0	46	0	0	0
TCGA-CM-6167-01A-11D-1650-10	43	36	0	0	0	0	0	0
TCGA-CM-6168-01A-11D-1650-10	65	117	0	0	38	0	0	0
TCGA-CM-6169-01A-11D-1650-10	53	37	0	0	22	0	0	0
TCGA-CM-6170-01A-11D-1650-10	34	64	0	0	0	0	0	0
TCGA-CM-6171-01A-11D-1650-10	460	273	0	0	263	175	0	0
TCGA-CM-6172-01A-11D-1650-10	34	32	0	16	24	0	0	0
TCGA-CM-6674-01A-11D-1835-10	332	226	0	0	271	0	0	0
TCGA-CM-6675-01A-11D-1835-10	29	49	0	0	0	0	0	0
TCGA-CM-6676-01A-11D-1835-10	39	12	0	16	37	0	0	0
TCGA-CM-6677-01A-11D-1835-10	62	33	0	0	47	0	0	0
TCGA-CM-6678-01A-11D-1835-10	78	66	0	0	0	0	0	0
TCGA-CM-6679-01A-11D-1835-10	16	21	0	0	30	0	0	0
TCGA-CM-6680-01A-11D-1835-10	44	34	0	12	0	0	0	0
TCGA-D5-5537-01A-21D-1924-10	36	39	0	0	29	0	0	0
TCGA-D5-5538-01A-01D-1650-10	44	72	0	0	0	0	0	0
TCGA-D5-5540-01A-01D-1650-10	64	55	0	0	0	0	0	0
TCGA-D5-5541-01A-01D-1650-10	33	21	0	10	0	0	0	0
TCGA-D5-6529-01A-11D-1771-10	54	45	0	14	0	0	0	0
TCGA-D5-6530-01A-11D-1719-10	347	212	0	0	303	128	0	0
TCGA-D5-6531-01A-11D-1719-10	99	11	0	0	0	0	80	0
TCGA-D5-6532-01A-11D-1719-10	51	19	0	0	0	0	54	0
TCGA-D5-6533-01A-11D-1719-10	56	39	0	22	0	0	60	0
TCGA-D5-6535-01A-11D-1719-10	55	12	0	0	0	0	109	0
TCGA-D5-6536-01A-11D-1719-10	34	35	0	0	28	0	0	0
TCGA-D5-6537-01A-11D-1719-10	60	32	6	14	0	0	0	0
TCGA-D5-6538-01A-11D-1719-10	58	40	0	0	49	0	0	0
TCGA-D5-6539-01A-11D-1719-10	36	18	0	0	0	0	45	0
TCGA-D5-6541-01A-11D-1719-10	66	30	0	0	0	0	0	0
TCGA-D5-6898-01A-11D-1924-10	42	0	0	0	0	0	40	0
TCGA-D5-6920-01A-11D-1924-10	43	6	0	0	27	0	38	0
TCGA-D5-6922-01A-11D-1924-10	40	37	0	0	30	0	0	0
TCGA-D5-6924-01A-11D-1924-10	55	29	0	0	0	0	56	0
TCGA-D5-6926-01A-11D-1924-10	52	60	0	0	0	0	0	0
TCGA-D5-6927-01A-21D-1924-10	138	100	0	0	222	98	0	93
TCGA-D5-6931-01A-11D-1924-10	92	230	0	0	0	0	0	0
TCGA-D5-6932-01A-11D-1924-10	46	30	0	0	0	0	56	0
TCGA-DM-A0X9-01A-11D-A152-10	73	94	0	24	0	0	0	0
TCGA-DM-A0XD-01A-12D-A152-10	58	77	0	0	36	0	0	0
TCGA-DM-A0XF-01A-11D-A152-10	25	0	0	13	0	0	93	0
TCGA-DM-A1D0-01A-11D-A152-10	54	23	0	0	0	0	47	0
TCGA-DM-A1D4-01A-21D-A152-10	98	51	0	0	38	0	0	0
TCGA-DM-A1D8-01A-11D-A152-10	54	109	0	0	0	0	0	0
TCGA-DM-A1D9-01A-11D-A152-10	40	32	0	0	0	0	62	0
TCGA-DM-A1DA-01A-11D-A152-10	76	34	0	0	54	0	133	0
TCGA-DM-A1DB-01A-11D-A152-10	27	34	0	0	0	0	0	0
TCGA-DM-A1HA-01A-11D-A152-10	62	52	0	0	36	0	0	0
TCGA-DM-A28C-01A-11D-A16V-10	48	0	0	0	0	0	54	0
TCGA-DM-A28E-01A-11D-A16V-10	31	51	0	0	0	0	0	0
TCGA-DM-A28F-01A-11D-A16V-10	62	80	0	0	0	0	106	0
TCGA-DM-A28G-01A-11D-A16V-10	61	68	0	0	0	0	0	0
TCGA-DM-A28H-01A-11D-A16V-10	37	0	0	0	29	0	54	0
TCGA-DM-A28M-01A-12D-A16V-10	44	26	0	0	23	0	0	0
TCGA-F4-6459-01A-11D-1771-10	36	16	0	18	0	0	57	0
TCGA-F4-6460-01A-11D-1771-10	47	51	0	0	0	0	58	0
TCGA-F4-6461-01A-11D-1771-10	46	71	0	0	32	0	0	0
TCGA-F4-6569-01A-11D-1771-10	47	14	0	0	0	0	60	0
TCGA-F4-6570-01A-11D-1771-10	376	405	0	0	587	239	0	0
TCGA-F4-6805-01A-11D-1835-10	35	36	0	0	0	0	0	0
TCGA-F4-6806-01A-11D-1835-10	57	15	0	0	0	0	36	0
TCGA-F4-6807-01A-11D-1835-10	37	0	0	0	0	39	97	0
TCGA-F4-6808-01A-11D-1835-10	78	60	0	0	0	0	0	0
TCGA-F4-6854-01A-11D-1924-10	32	30	0	0	0	0	57	0
TCGA-F4-6855-01A-11D-1924-10	42	15	0	0	0	0	52	0
TCGA-G4-6293-01A-11D-1719-10	44	78	0	0	0	0	0	0
TCGA-G4-6294-01A-11D-1806-10	36	21	0	0	47	0	56	0
TCGA-G4-6295-01A-11D-1719-10	51	39	0	0	0	0	61	0
TCGA-G4-6297-01A-11D-1719-10	46	25	0	18	0	0	0	0
TCGA-G4-6298-01A-11D-1719-10	44	0	0	0	0	0	33	0
TCGA-G4-6299-01A-11D-1771-10	41	82	0	0	40	0	0	0
TCGA-G4-6303-01A-11D-1771-10	60	29	5	12	0	0	0	0
TCGA-G4-6304-01A-11D-1924-10	186	336	0	0	352	0	0	0
TCGA-G4-6306-01A-11D-1771-10	49	40	0	0	35	0	0	0
TCGA-G4-6307-01A-11D-1719-10	21	23	4	11	19	0	0	0
TCGA-G4-6309-01A-21D-1835-10	383	163	0	0	202	0	0	0
TCGA-G4-6310-01A-11D-1719-10	48	26	0	12	24	0	0	0
TCGA-G4-6311-01A-11D-1719-10	53	31	0	0	0	0	68	0
TCGA-G4-6314-01A-11D-1719-10	74	44	0	0	33	0	0	0
TCGA-G4-6315-01A-11D-1719-10	73	9	0	0	0	0	70	0
TCGA-G4-6317-01A-11D-1719-10	59	9	0	0	0	0	39	0
TCGA-G4-6317-02A-11D-2067-10	33	15	0	0	38	0	45	0
TCGA-G4-6320-01A-11D-1719-10	429	265	0	0	365	0	0	0
TCGA-G4-6321-01A-11D-1719-10	30	0	0	0	0	0	33	0
TCGA-G4-6323-01A-11D-1719-10	30	26	0	0	31	0	0	0
TCGA-G4-6586-01A-11D-1771-10	394	205	0	0	358	0	0	135
TCGA-G4-6588-01A-11D-1771-10	348	386	0	0	784	302	0	203
TCGA-G4-6625-01A-21D-1771-10	46	19	0	0	0	0	47	0
TCGA-G4-6626-01A-11D-1771-10	75	65	0	0	0	0	0	0
TCGA-G4-6627-01A-11D-2188-10	61	28	0	0	0	0	0	0
TCGA-G4-6628-01A-11D-1835-10	337	351	0	0	912	343	0	0
TCGA-NH-A50T-01A-11D-A28G-10	76	48	0	24	0	0	0	0
TCGA-NH-A50V-01A-11D-A28G-10	83	49	0	0	38	0	0	0
TCGA-NH-A6GA-01A-11D-A36X-10	39	9	0	0	0	0	43	0
TCGA-NH-A6GB-01A-11D-A36X-10	67	39	0	0	0	0	60	0
TCGA-NH-A8F7-06A-31D-A40P-10	59	35	0	16	0	0	0	0
TCGA-NH-A8F8-01A-72D-A40P-10	42	41	0	0	22	0	0	0
TCGA-QG-A5YV-01A-11D-A28G-10	68	61	0	0	42	0	0	0
TCGA-QG-A5YW-01A-11D-A28G-10	67	41	0	0	0	0	54	0
TCGA-QG-A5YX-01A-11D-A28G-10	62	34	0	0	0	0	0	0
TCGA-QG-A5Z2-01A-11D-A28G-10	314	231	0	0	332	162	0	0
TCGA-QL-A97D-01A-12D-A40P-10	64	111	0	0	59	0	0	0
TCGA-SS-A7HO-01A-21D-A36X-10	77	0	0	0	0	0	95	0
TCGA-T9-A92H-01A-11D-A36X-10	50	2	0	0	35	0	99	0
