Samples	SBS96A	SBS96B	SBS96C
TCGA-05-4244-01A-01D-1105-08	153	14	53
TCGA-05-4250-01A-01D-1105-08	251	61	68
TCGA-05-4382-01A-01D-1931-08	1515	235	41
TCGA-05-4384-01A-01D-1753-08	86	16	34
TCGA-05-4389-01A-01D-1265-08	82	83	74
TCGA-05-4390-01A-02D-1753-08	498	21	52
TCGA-05-4395-01A-01D-1265-08	127	109	45
TCGA-05-4396-01A-21D-1855-08	163	26	61
TCGA-05-4397-01A-01D-1265-08	549	198	128
TCGA-05-4398-01A-01D-1265-08	515	112	113
TCGA-05-4402-01A-01D-1265-08	8	93	23
TCGA-05-4403-01A-01D-1265-08	49	10	78
TCGA-05-4405-01A-21D-1855-08	288	29	70
TCGA-05-4410-01A-21D-1855-08	875	168	86
TCGA-05-4415-01A-22D-1855-08	168	5	35
TCGA-05-4417-01A-22D-1855-08	254	11	51
TCGA-05-4418-01A-01D-1265-08	198	25	67
TCGA-05-4420-01A-01D-1265-08	234	27	39
TCGA-05-4422-01A-01D-1265-08	14	16	15
TCGA-05-4424-01A-22D-1855-08	565	98	49
TCGA-05-4425-01A-01D-1753-08	0	0	40
TCGA-05-4426-01A-01D-1265-08	9	7	29
TCGA-05-4427-01A-21D-1855-08	810	95	139
TCGA-05-4430-01A-02D-1265-08	215	22	36
TCGA-05-4432-01A-01D-1265-08	438	40	124
TCGA-05-4433-01A-22D-1855-08	0	0	38
TCGA-05-4434-01A-01D-1265-08	8	10	26
TCGA-05-5420-01A-01D-1625-08	46	7	35
TCGA-05-5423-01A-01D-1625-08	97	17	41
TCGA-05-5425-01A-02D-1625-08	469	43	75
TCGA-05-5428-01A-01D-1625-08	234	136	30
TCGA-05-5429-01A-01D-1625-08	0	5	29
TCGA-05-5715-01A-01D-1625-08	7	83	32
TCGA-17-Z000-01A-01W-0746-08	51	37	34
TCGA-17-Z001-01A-01W-0746-08	144	18	42
TCGA-17-Z002-01A-01W-0746-08	0	6	0
TCGA-17-Z003-01A-01W-0746-08	130	30	88
TCGA-17-Z004-01A-01W-0746-08	3	3	15
TCGA-17-Z007-01A-01W-0746-08	8	4	54
TCGA-17-Z009-01A-01W-0746-08	39	0	0
TCGA-17-Z011-01A-01W-0746-08	65	13	33
TCGA-17-Z013-01A-01W-0746-08	31	3	23
TCGA-17-Z015-01A-01W-0746-08	325	22	169
TCGA-17-Z017-01A-01W-0746-08	172	18	40
TCGA-17-Z018-01A-01W-0746-08	230	15	18
TCGA-17-Z019-01A-01W-0746-08	0	0	1
TCGA-17-Z020-01A-01W-0746-08	64	36	22
TCGA-17-Z021-01A-01W-0746-08	118	8	7
TCGA-17-Z022-01A-01W-0746-08	941	281	86
TCGA-17-Z023-01A-01W-0746-08	278	71	61
TCGA-17-Z025-01A-01W-0746-08	213	8	32
TCGA-17-Z026-01A-01W-0746-08	431	589	0
TCGA-17-Z027-01A-01W-0746-08	41	7	49
TCGA-17-Z028-01A-01W-0746-08	345	72	73
TCGA-17-Z030-01A-01W-0746-08	481	35	53
TCGA-17-Z031-01A-01W-0746-08	1992	122	298
TCGA-17-Z032-01A-01W-0746-08	42	29	39
TCGA-17-Z033-01A-01W-0746-08	108	46	15
TCGA-17-Z036-01A-01W-0746-08	39	14	24
TCGA-17-Z037-01A-01W-0746-08	0	0	141
TCGA-17-Z041-01A-01W-0746-08	17	11	21
TCGA-17-Z042-01A-01W-0746-08	408	32	59
TCGA-17-Z043-01A-01W-0746-08	128	37	48
TCGA-17-Z044-01A-01W-0746-08	77	17	32
TCGA-17-Z045-01A-01W-0746-08	596	52	68
TCGA-17-Z047-01A-01W-0747-08	2	4	17
TCGA-17-Z048-01A-01W-0746-08	0	5	24
TCGA-17-Z049-01A-01W-0746-08	411	55	43
TCGA-17-Z050-01A-01W-0747-08	79	32	62
TCGA-17-Z051-01A-01W-0747-08	85	17	35
TCGA-17-Z052-01A-01W-0747-08	93	5	20
TCGA-17-Z053-01A-01W-0747-08	148	39	68
TCGA-17-Z054-01A-01W-0747-08	0	0	4
TCGA-17-Z055-01A-01W-0747-08	505	38	92
TCGA-17-Z056-01A-01W-0747-08	312	115	52
TCGA-17-Z057-01A-01W-0747-08	119	239	56
TCGA-17-Z058-01A-01W-0747-08	46	6	26
TCGA-17-Z059-01A-01W-0747-08	104	39	16
TCGA-17-Z061-01A-01W-0747-08	103	29	50
TCGA-17-Z062-01A-01W-0747-08	372	33	38
TCGA-35-4122-01A-01D-1105-08	175	66	89
TCGA-35-4123-01A-01D-1105-08	245	16	43
TCGA-35-5375-01A-01D-1625-08	276	55	109
TCGA-38-4625-01A-01D-1553-08	469	130	12
TCGA-38-4626-01A-01D-1553-08	200	13	5
TCGA-38-4627-01A-01D-1553-08	2	4	22
TCGA-38-4628-01A-01D-1265-08	43	23	60
TCGA-38-4629-01A-02D-1265-08	167	41	77
TCGA-38-4630-01A-01D-1265-08	17	59	49
TCGA-38-4631-01A-01D-1753-08	697	42	35
TCGA-38-4632-01A-01D-1753-08	394	53	79
TCGA-38-6178-01A-11D-1753-08	19	8	27
TCGA-38-7271-01A-11D-2036-08	31	23	0
TCGA-44-2655-01A-01D-1553-08	166	14	8
TCGA-44-2655-01A-01W-0928-08	164	17	14
TCGA-44-2656-01A-02D-0969-08	796	37	82
TCGA-44-2656-01A-02D-A271-08	745	26	62
TCGA-44-2656-01A-02W-0928-08	726	34	49
TCGA-44-2656-01A-12D-A27T-08	762	31	80
TCGA-44-2656-01A-41D-A27T-08	787	31	76
TCGA-44-2656-01B-06D-A271-08	673	43	41
TCGA-44-2657-01A-01D-1105-08	337	47	35
TCGA-44-2661-01A-01D-1105-08	9	7	27
TCGA-44-2662-01A-01D-0969-08	45	175	6
TCGA-44-2662-01A-01D-A271-08	52	157	8
TCGA-44-2662-01A-01W-0928-08	49	157	1
TCGA-44-2662-01B-02D-A271-08	37	146	7
TCGA-44-2665-01A-01D-1040-01	0	13	34
TCGA-44-2665-01A-01D-A271-08	0	14	34
TCGA-44-2665-01A-01W-0928-08	2	17	33
TCGA-44-2665-01B-06D-A271-08	1	17	34
TCGA-44-2666-01A-01D-1489-08	4	4	22
TCGA-44-2666-01A-01D-A271-08	3	4	20
TCGA-44-2666-01A-01W-0928-08	2	4	26
TCGA-44-2666-01A-21D-A27T-08	5	4	25
TCGA-44-2666-01A-41D-A27T-08	3	6	25
TCGA-44-2666-01B-02D-A271-08	3	3	19
TCGA-44-2668-01A-01D-0969-08	277	91	34
TCGA-44-2668-01A-01D-A271-08	259	83	21
TCGA-44-2668-01A-01W-0928-08	287	91	19
TCGA-44-2668-01B-02D-A271-08	176	50	10
TCGA-44-3396-01A-01D-1553-08	50	87	56
TCGA-44-3398-01A-01D-1105-08	104	57	30
TCGA-44-3917-01A-01D-A271-08	153	32	47
TCGA-44-3917-01B-02D-A271-08	153	35	51
TCGA-44-3918-01B-02D-A271-08	822	97	8
TCGA-44-3919-01A-02D-1105-08	9	6	18
TCGA-44-3919-01A-02D-1458-08	9	10	19
TCGA-44-4112-01A-01D-1105-08	353	38	39
TCGA-44-4112-01A-01D-1458-08	373	37	40
TCGA-44-4112-01A-22D-A27T-08	373	38	54
TCGA-44-4112-01A-31D-A27T-08	350	98	53
TCGA-44-4112-01B-06D-A271-08	290	34	25
TCGA-44-5643-01A-01D-1625-08	45	32	61
TCGA-44-5644-01A-21D-2036-08	785	78	133
TCGA-44-5645-01A-01D-1625-08	0	0	36
TCGA-44-5645-01A-01D-A271-08	0	0	36
TCGA-44-5645-01A-21D-A27T-08	0	0	40
TCGA-44-5645-01A-51D-A27T-08	0	0	38
TCGA-44-5645-01B-04D-A271-08	0	0	37
TCGA-44-6144-01A-11D-1753-08	153	32	51
TCGA-44-6145-01A-11D-1753-08	287	13	25
TCGA-44-6147-01A-11D-1753-08	133	25	29
TCGA-44-6147-01A-11D-A271-08	139	33	27
TCGA-44-6147-01A-21D-A27T-08	129	27	70
TCGA-44-6147-01A-31D-A27T-08	104	12	7
TCGA-44-6147-01B-06D-A271-08	108	15	28
TCGA-44-6774-01A-21D-1855-08	277	11	19
TCGA-44-6775-01A-11D-1855-08	27	6	27
TCGA-44-6775-01A-11D-A271-08	19	9	31
TCGA-44-6775-01A-21D-A27T-08	23	7	28
TCGA-44-6775-01A-31D-A27T-08	28	10	28
TCGA-44-6775-01C-02D-A271-08	19	5	31
TCGA-44-6776-01A-11D-1855-08	153	13	34
TCGA-44-6777-01A-11D-1855-08	226	86	60
TCGA-44-6778-01A-11D-1855-08	312	28	65
TCGA-44-6779-01A-11D-1855-08	37	8	56
TCGA-44-7659-01A-11D-2063-08	106	16	30
TCGA-44-7660-01A-11D-2063-08	223	49	89
TCGA-44-7661-01A-11D-2063-08	175	49	37
TCGA-44-7662-01A-11D-2063-08	435	88	61
TCGA-44-7667-01A-31D-2063-08	351	34	99
TCGA-44-7670-01A-11D-2063-08	891	180	65
TCGA-44-7671-01A-11D-2063-08	163	17	60
TCGA-44-7672-01A-11D-2063-08	125	10	27
TCGA-44-8117-01A-11D-2238-08	681	52	79
TCGA-44-8119-01A-11D-2238-08	479	40	147
TCGA-44-8120-01A-11D-2238-08	529	46	70
TCGA-44-A479-01A-31D-A24D-08	249	29	17
TCGA-44-A47A-01A-21D-A24D-08	79	78	59
TCGA-44-A47G-01A-21D-A24D-08	23	20	26
TCGA-44-A4SS-01A-11D-A24P-08	338	69	84
TCGA-44-A4SU-01A-11D-A24P-08	85	10	55
TCGA-49-4487-01A-21D-1855-08	255	73	24
TCGA-49-4488-01A-01D-1753-08	248	37	14
TCGA-49-4490-01A-21D-1855-08	0	12	28
TCGA-49-4494-01A-01D-1265-08	151	14	35
TCGA-49-4501-01A-01D-1265-08	2	10	34
TCGA-49-4505-01A-01D-1931-08	140	21	61
TCGA-49-4506-01A-01D-1265-08	76	8	32
TCGA-49-4510-01A-01D-1265-08	27	8	12
TCGA-49-4512-01A-21D-1855-08	7	5	24
TCGA-49-4514-01A-21D-1855-08	169	120	51
TCGA-49-6743-01A-11D-1855-08	399	259	117
TCGA-49-6744-01A-11D-1855-08	182	13	18
TCGA-49-6745-01A-11D-1855-08	1	75	53
TCGA-49-6761-01A-31D-1945-08	65	85	37
TCGA-49-AAQV-01A-11D-A397-08	10	33	18
TCGA-49-AAR0-01A-21D-A397-08	68	23	45
TCGA-49-AAR3-01A-11D-A410-08	77	22	24
TCGA-49-AAR4-01A-12D-A410-08	413	125	35
TCGA-49-AAR9-01A-21D-A410-08	584	26	75
TCGA-49-AARE-01A-11D-A410-08	1065	115	100
TCGA-49-AARN-01A-21D-A410-08	380	208	204
TCGA-49-AARO-01A-12D-A410-08	585	41	0
TCGA-49-AARQ-01A-11D-A410-08	608	105	44
TCGA-49-AARR-01A-11D-A410-08	1	0	0
TCGA-4B-A93V-01A-11D-A397-08	99	15	29
TCGA-50-5044-01A-21D-1855-08	1	118	11
TCGA-50-5045-01A-01D-1625-08	265	21	0
TCGA-50-5051-01A-21D-1855-08	77	8	31
TCGA-50-5055-01A-01D-1625-08	0	0	10
TCGA-50-5066-01A-01D-1625-08	209	35	28
TCGA-50-5066-02A-11D-2107-08	267	40	79
TCGA-50-5068-01A-01D-1625-08	38	9	44
TCGA-50-5072-01A-21D-1855-08	102	25	39
TCGA-50-5930-01A-11D-1753-08	1075	32	60
TCGA-50-5931-01A-11D-1753-08	234	32	56
TCGA-50-5932-01A-11D-1753-08	65	3	10
TCGA-50-5935-01A-11D-1753-08	2	63	29
TCGA-50-5939-01A-11D-1625-08	13	23	37
TCGA-50-5941-01A-11D-1753-08	292	39	49
TCGA-50-5942-01A-21D-1753-08	37	5	14
TCGA-50-5946-01A-11D-1753-08	445	166	84
TCGA-50-5946-02A-11D-2107-08	462	188	90
TCGA-50-6590-01A-12D-1855-08	652	211	40
TCGA-50-6591-01A-11D-1753-08	13	9	28
TCGA-50-6592-01A-11D-1753-08	153	72	75
TCGA-50-6593-01A-11D-1753-08	243	24	56
TCGA-50-6594-01A-11D-1753-08	448	66	33
TCGA-50-6595-01A-12D-1855-08	23	31	26
TCGA-50-6597-01A-11D-1855-08	1	24	29
TCGA-50-6673-01A-11D-1945-08	5	8	38
TCGA-50-7109-01A-11D-2036-08	178	11	62
TCGA-50-8457-01A-11D-2323-08	26	7	22
TCGA-50-8460-01A-11D-2323-08	5	5	19
TCGA-53-7624-01A-11D-2063-08	540	191	112
TCGA-53-7626-01A-12D-2063-08	301	51	13
TCGA-53-7813-01A-11D-2167-08	110	4	42
TCGA-55-1592-01A-01D-0969-08	315	92	141
TCGA-55-1592-01A-01W-0928-08	295	86	141
TCGA-55-1594-01A-01D-1040-01	53	71	35
TCGA-55-1594-01A-01W-0928-08	50	73	30
TCGA-55-1595-01A-01D-0969-08	266	22	46
TCGA-55-1596-01A-01D-1040-01	115	18	65
TCGA-55-1596-01A-01W-0928-08	119	15	58
TCGA-55-5899-01A-11D-1625-08	308	128	38
TCGA-55-6543-01A-11D-1753-08	0	0	22
TCGA-55-6642-01A-11D-1855-08	97	10	21
TCGA-55-6712-01A-11D-1855-08	31	82	24
TCGA-55-6968-01A-11D-1945-08	123	404	0
TCGA-55-6969-01A-11D-1945-08	318	28	65
TCGA-55-6971-01A-11D-1945-08	56	10	18
TCGA-55-6972-01A-11D-1945-08	95	145	36
TCGA-55-6975-01A-11D-1945-08	28	12	31
TCGA-55-6978-01A-11D-1945-08	0	0	27
TCGA-55-6979-01A-11D-1945-08	72	38	4
TCGA-55-6980-01A-11D-1945-08	0	0	11
TCGA-55-6981-01A-11D-1945-08	3	8	38
TCGA-55-6982-01A-11D-1945-08	11	191	19
TCGA-55-6984-01A-11D-1945-08	5	2	13
TCGA-55-6985-01A-11D-1945-08	389	12	57
TCGA-55-6986-01A-11D-1945-08	0	0	18
TCGA-55-6987-01A-11D-1945-08	91	71	21
TCGA-55-7281-01A-11D-2036-08	345	59	58
TCGA-55-7283-01A-11D-2036-08	93	51	84
TCGA-55-7284-01B-11D-2238-08	1	2	40
TCGA-55-7570-01A-11D-2036-08	220	111	62
TCGA-55-7573-01A-11D-2036-08	31	9	11
TCGA-55-7574-01A-11D-2036-08	84	133	16
TCGA-55-7576-01A-11D-2063-08	278	34	84
TCGA-55-7724-01A-11D-2167-08	72	41	98
TCGA-55-7725-01A-11D-2167-08	103	8	30
TCGA-55-7726-01A-11D-2167-08	7	76	32
TCGA-55-7727-01A-11D-2167-08	117	108	40
TCGA-55-7903-01A-11D-2167-08	75	23	58
TCGA-55-7907-01A-11D-2167-08	942	244	45
TCGA-55-7910-01A-11D-2167-08	254	11	58
TCGA-55-7911-01A-11D-2167-08	166	30	47
TCGA-55-7913-01B-11D-2238-08	246	47	61
TCGA-55-7914-01A-11D-2167-08	94	27	61
TCGA-55-7994-01A-11D-2184-08	1328	123	185
TCGA-55-7995-01A-11D-2184-08	493	131	78
TCGA-55-8085-01A-11D-2238-08	104	131	51
TCGA-55-8087-01A-11D-2238-08	0	6	21
TCGA-55-8089-01A-11D-2238-08	809	442	54
TCGA-55-8090-01A-11D-2238-08	58	5	29
TCGA-55-8091-01A-11D-2238-08	0	0	21
TCGA-55-8092-01A-11D-2238-08	326	153	123
TCGA-55-8094-01A-11D-2238-08	384	29	64
TCGA-55-8096-01A-11D-2238-08	96	12	42
TCGA-55-8097-01A-11D-2238-08	44	10	59
TCGA-55-8203-01A-11D-2238-08	377	9	66
TCGA-55-8204-01A-11D-2238-08	79	95	58
TCGA-55-8206-01A-11D-2238-08	5	4	17
TCGA-55-8208-01A-11D-2238-08	100	187	51
TCGA-55-8299-01A-11D-2284-08	147	18	25
TCGA-55-8301-01A-11D-2284-08	202	40	52
TCGA-55-8506-01A-11D-2393-08	929	20	811
TCGA-55-8507-01A-11D-2393-08	865	52	117
TCGA-55-8510-01A-11D-2393-08	254	36	34
TCGA-55-8511-01A-11D-2393-08	408	93	83
TCGA-55-8512-01A-11D-2393-08	23	7	10
TCGA-55-8514-01A-11D-2393-08	211	14	71
TCGA-55-8614-01A-11D-2393-08	86	37	124
TCGA-55-8615-01A-11D-2393-08	76	9	42
TCGA-55-8616-01A-11D-2393-08	437	21	65
TCGA-55-8620-01A-11D-2393-08	377	33	112
TCGA-55-8621-01A-11D-2393-08	35	5	13
TCGA-55-A48X-01A-11D-A24D-08	322	37	29
TCGA-55-A48Y-01A-11D-A24D-08	0	368	0
TCGA-55-A48Z-01A-12D-A24P-08	18	6	33
TCGA-55-A490-01A-11D-A24D-08	1174	139	58
TCGA-55-A491-01A-11D-A24D-08	290	40	65
TCGA-55-A492-01A-11D-A24D-08	208	26	56
TCGA-55-A493-01A-11D-A24D-08	141	79	48
TCGA-55-A494-01A-11D-A24P-08	149	17	82
TCGA-55-A4DF-01A-11D-A24D-08	157	617	65
TCGA-55-A4DG-01A-11D-A24D-08	615	30	78
TCGA-55-A57B-01A-12D-A397-08	3	6	28
TCGA-62-8394-01A-11D-2323-08	34	52	51
TCGA-62-8395-01A-11D-2323-08	4	17	52
TCGA-62-8397-01A-11D-2323-08	7	3	15
TCGA-62-8398-01A-11D-2323-08	43	14	27
TCGA-62-8399-01A-21D-2323-08	254	222	73
TCGA-62-8402-01A-11D-2323-08	8	9	40
TCGA-62-A46O-01A-11D-A24D-08	636	194	105
TCGA-62-A46P-01A-11D-A24D-08	229	8	47
TCGA-62-A46R-01A-11D-A24D-08	85	33	54
TCGA-62-A46S-01A-11D-A24D-08	67	17	42
TCGA-62-A46U-01A-11D-A24D-08	12	9	23
TCGA-62-A46V-01A-11D-A24D-08	9	9	39
TCGA-62-A46Y-01A-11D-A24D-08	6	2	24
TCGA-62-A471-01A-12D-A24D-08	11	71	41
TCGA-62-A472-01A-11D-A24D-08	21	7	29
TCGA-64-1676-01A-01D-0969-08	536	31	61
TCGA-64-1676-01A-01W-0928-08	517	32	56
TCGA-64-1677-01A-01W-0928-08	71	92	51
TCGA-64-1678-01A-01W-0928-08	371	47	19
TCGA-64-1679-01A-21D-2063-08	447	48	32
TCGA-64-1680-01A-02D-0969-08	4	18	30
TCGA-64-1680-01A-02W-0928-08	7	14	25
TCGA-64-1681-01A-11D-2063-08	13	25	27
TCGA-64-5774-01A-01D-1625-08	110	7	27
TCGA-64-5775-01A-01D-1625-08	414	31	61
TCGA-64-5778-01A-01D-1625-08	386	45	55
TCGA-64-5781-01A-01D-1625-08	864	183	105
TCGA-64-5815-01A-01D-1625-08	125	6	50
TCGA-67-3770-01A-01D-0969-08	167	12	54
TCGA-67-3770-01A-01W-0928-08	161	12	53
TCGA-67-3771-01A-01D-1040-01	576	401	163
TCGA-67-3771-01A-01W-0928-08	584	411	186
TCGA-67-3773-01A-01D-1040-01	64	6	32
TCGA-67-3774-01A-01D-1040-01	72	12	34
TCGA-67-3774-01A-01W-0928-08	64	7	32
TCGA-67-4679-01B-01D-1753-08	226	17	49
TCGA-67-6215-01A-11D-1753-08	11	12	86
TCGA-67-6216-01A-11D-1753-08	3	11	12
TCGA-67-6217-01A-11D-1753-08	150	11	31
TCGA-69-7760-01A-11D-2167-08	17	8	46
TCGA-69-7764-01A-11D-2167-08	31	11	49
TCGA-69-7765-01A-11D-2167-08	536	79	25
TCGA-69-7973-01A-11D-2184-08	215	13	37
TCGA-69-7974-01A-11D-2184-08	397	42	89
TCGA-69-7978-01A-11D-2184-08	365	194	57
TCGA-69-8253-01A-11D-2284-08	103	28	36
TCGA-69-8254-01A-11D-2284-08	24	6	45
TCGA-69-8255-01A-11D-2284-08	160	56	84
TCGA-69-A59K-01A-11D-A25L-08	397	56	55
TCGA-71-6725-01A-11D-1855-08	2	6	49
TCGA-71-8520-01A-11D-2393-08	17	17	58
TCGA-73-4658-01A-01D-1753-08	156	153	23
TCGA-73-4659-01A-01D-1265-08	164	14	44
TCGA-73-4662-01A-01D-1265-08	158	24	31
TCGA-73-4670-01A-01D-1265-08	256	31	79
TCGA-73-4675-01A-01D-1265-08	21	6	42
TCGA-73-4676-01A-01D-1753-08	41	7	50
TCGA-73-4677-01A-01D-1265-08	191	23	51
TCGA-73-7498-01A-12D-2184-08	69	5	43
TCGA-75-5122-01A-01D-1753-08	59	27	48
TCGA-75-5125-01A-01D-1753-08	71	48	45
TCGA-75-5126-01A-01D-1753-08	400	183	39
TCGA-75-5146-01A-01D-1625-08	162	17	14
TCGA-75-5147-01A-01D-1625-08	1	13	22
TCGA-75-6203-01A-11D-1753-08	0	0	13
TCGA-75-6205-01A-11D-1753-08	12	8	23
TCGA-75-6206-01A-11D-1753-08	60	14	18
TCGA-75-6207-01A-11D-1753-08	14	17	27
TCGA-75-6211-01A-11D-1753-08	308	28	56
TCGA-75-6214-01A-41D-1945-08	448	202	85
TCGA-75-7025-01A-12D-1945-08	0	7	23
TCGA-75-7027-01A-11D-1945-08	180	17	53
TCGA-75-7030-01A-11D-1945-08	2	0	6
TCGA-78-7145-01A-11D-2036-08	143	16	38
TCGA-78-7146-01A-11D-2036-08	210	104	68
TCGA-78-7147-01A-11D-2036-08	206	72	85
TCGA-78-7148-01A-11D-2036-08	158	18	44
TCGA-78-7149-01A-11D-2036-08	39	82	27
TCGA-78-7150-01A-21D-2036-08	169	174	92
TCGA-78-7152-01A-11D-2036-08	86	95	25
TCGA-78-7153-01A-11D-2036-08	27	31	46
TCGA-78-7154-01A-11D-2036-08	52	120	94
TCGA-78-7155-01A-11D-2036-08	1274	166	140
TCGA-78-7160-01A-11D-2036-08	10	8	23
TCGA-78-7161-01A-11D-2036-08	133	18	47
TCGA-78-7162-01A-21D-2063-08	43	21	23
TCGA-78-7163-01A-12D-2063-08	0	0	19
TCGA-78-7166-01A-12D-2063-08	210	10	20
TCGA-78-7167-01A-11D-2063-08	34	31	35
TCGA-78-7220-01A-11D-2036-08	632	157	100
TCGA-78-7535-01A-11D-2063-08	127	11	46
TCGA-78-7536-01A-11D-2063-08	523	35	95
TCGA-78-7539-01A-11D-2063-08	139	312	64
TCGA-78-7540-01A-11D-2063-08	3	1	26
TCGA-78-7542-01A-21D-2063-08	297	40	48
TCGA-78-7633-01A-11D-2063-08	80	10	19
TCGA-78-8640-01A-11D-2393-08	459	154	144
TCGA-78-8648-01A-11D-2393-08	5	1	1
TCGA-78-8655-01A-11D-2393-08	58	9	38
TCGA-78-8662-01A-11D-2393-08	942	134	150
TCGA-80-5607-01A-31D-1945-08	0	131	0
TCGA-80-5608-01A-31D-1945-08	127	15	38
TCGA-80-5611-01A-01D-1625-08	102	18	78
TCGA-83-5908-01A-21D-2284-08	122	97	26
TCGA-86-6562-01A-11D-1753-08	10	15	28
TCGA-86-6851-01A-11D-1945-08	733	137	48
TCGA-86-7701-01A-11D-2167-08	154	9	41
TCGA-86-7711-01A-11D-2063-08	112	60	59
TCGA-86-7713-01A-11D-2063-08	112	12	36
TCGA-86-7954-01A-11D-2184-08	103	42	75
TCGA-86-7955-01A-11D-2184-08	207	49	72
TCGA-86-8055-01A-11D-2238-08	2	8	34
TCGA-86-8056-01A-11D-2238-08	68	175	44
TCGA-86-8073-01A-11D-2238-08	1338	141	74
TCGA-86-8074-01A-11D-2238-08	21	11	39
TCGA-86-8075-01A-11D-2238-08	1	3	38
TCGA-86-8076-01A-31D-2238-08	17	26	24
TCGA-86-8279-01A-11D-2284-08	453	30	60
TCGA-86-8280-01A-11D-2284-08	10	4	34
TCGA-86-8281-01A-11D-2284-08	180	33	54
TCGA-86-8359-01A-11D-2323-08	119	12	39
TCGA-86-8585-01A-11D-2393-08	408	126	60
TCGA-86-8668-01A-11D-2393-08	1	6	24
TCGA-86-8671-01A-11D-2393-08	8	6	19
TCGA-86-8672-01A-21D-2393-08	210	50	55
TCGA-86-8673-01A-11D-2393-08	354	54	81
TCGA-86-8674-01A-21D-2393-08	246	46	12
TCGA-86-A456-01A-11D-A24D-08	278	41	45
TCGA-86-A4JF-01A-11D-A24P-08	309	124	889
TCGA-86-A4P7-01A-11D-A24P-08	11	31	18
TCGA-91-6828-01A-11D-1855-08	210	32	34
TCGA-91-6829-01A-21D-1855-08	483	79	102
TCGA-91-6830-01A-11D-1945-08	16	201	5
TCGA-91-6831-01A-11D-1855-08	193	23	61
TCGA-91-6835-01A-11D-1855-08	30	20	28
TCGA-91-6836-01A-21D-1855-08	367	36	67
TCGA-91-6840-01A-11D-1945-08	15	80	29
TCGA-91-6847-01A-11D-1945-08	11	14	49
TCGA-91-6848-01A-11D-1945-08	402	121	80
TCGA-91-6849-01A-11D-1945-08	77	13	27
TCGA-91-7771-01A-11D-2167-08	106	36	52
TCGA-91-A4BC-01A-11D-A24D-08	371	32	52
TCGA-91-A4BD-01A-11D-A24D-08	0	5	18
TCGA-93-7347-01A-11D-2184-08	88	15	19
TCGA-93-7348-01A-21D-2036-08	44	21	47
TCGA-93-8067-01A-11D-2284-08	49	477	26
TCGA-93-8067-01C-01D-A38P-08	34	249	3
TCGA-93-8067-01D-01D-A38P-08	34	155	0
TCGA-93-A4JO-01A-21D-A24P-08	17	17	16
TCGA-93-A4JP-01A-11D-A24P-08	15	24	16
TCGA-93-A4JP-01D-01D-A38P-08	24	38	54
TCGA-93-A4JP-01E-01D-A38P-08	28	37	39
TCGA-95-7039-01A-11D-1945-08	1044	102	146
TCGA-95-7043-01A-11D-1945-08	940	82	115
TCGA-95-7562-01A-11D-2238-08	353	14	34
TCGA-95-7567-01A-11D-2063-08	349	17	573
TCGA-95-7944-01A-11D-2184-08	15	229	19
TCGA-95-7947-01A-11D-2184-08	216	262	99
TCGA-95-7948-01A-11D-2184-08	0	144	0
TCGA-95-8494-01A-11D-2323-08	0	65	47
TCGA-95-A4VK-01A-11D-A25L-08	202	15	57
TCGA-95-A4VN-01A-11D-A25L-08	394	50	38
TCGA-97-7547-01A-11D-2036-08	93	51	31
TCGA-97-7552-01A-11D-2036-08	3	1	27
TCGA-97-7553-01A-21D-2036-08	12	3	30
TCGA-97-7554-01A-11D-2036-08	352	32	67
TCGA-97-7938-01A-11D-2167-08	320	59	39
TCGA-97-8171-01A-11D-2284-08	10	2	43
TCGA-97-8174-01A-11D-2284-08	97	23	49
TCGA-97-8175-01A-11D-2284-08	11	6	13
TCGA-97-8177-01A-11D-2284-08	7	5	22
TCGA-97-8552-01A-11D-2393-08	5	2	16
TCGA-97-A4LX-01A-11D-A24P-08	153	11	23
TCGA-97-A4M0-01A-11D-A24P-08	290	90	26
TCGA-97-A4M1-01A-11D-A24P-08	6	10	27
TCGA-97-A4M3-01A-11D-A24P-08	155	38	25
TCGA-97-A4M6-01A-11D-A24P-08	5	6	22
TCGA-97-A4M7-01A-11D-A24P-08	277	17	22
TCGA-99-7458-01A-11D-2036-08	396	27	75
TCGA-99-8025-01A-11D-2238-08	243	168	105
TCGA-99-8028-01A-11D-2238-08	368	12	21
TCGA-99-8033-01A-11D-2238-08	114	16	48
TCGA-99-AA5R-01A-11D-A397-08	36	4	2
TCGA-J2-8192-01A-11D-2238-08	15	12	47
TCGA-J2-8194-01A-11D-2238-08	87	12	59
TCGA-J2-A4AD-01A-11D-A24D-08	121	167	57
TCGA-J2-A4AE-01A-21D-A24D-08	1	17	38
TCGA-J2-A4AG-01A-11D-A24D-08	46	9	26
TCGA-L4-A4E5-01A-11D-A24P-08	301	23	39
TCGA-L4-A4E6-01A-11D-A24D-08	6	2	0
TCGA-L9-A443-01A-12D-A24D-08	201	23	31
TCGA-L9-A50W-01A-12D-A397-08	8	13	12
TCGA-L9-A5IP-01A-21D-A397-08	246	27	29
TCGA-L9-A743-01A-43D-A397-08	58	56	7
TCGA-L9-A7SV-01A-11D-A397-08	1653	72	12
TCGA-L9-A8F4-01A-11D-A397-08	640	84	96
TCGA-MN-A4N1-01A-11D-A24P-08	353	40	79
TCGA-MN-A4N4-01A-12D-A24P-08	1035	411	82
TCGA-MN-A4N5-01A-11D-A24P-08	369	60	47
TCGA-MP-A4SV-01A-11D-A24P-08	172	141	40
TCGA-MP-A4SW-01A-21D-A24P-08	8	12	47
TCGA-MP-A4T2-01A-11D-A24P-08	26	31	31
TCGA-MP-A4T4-01A-11D-A25L-08	313	40	48
TCGA-MP-A4T6-01A-32D-A25L-08	6	26	46
TCGA-MP-A4T7-01A-11D-A24P-08	108	6	27
TCGA-MP-A4T8-01A-11D-A24P-08	72	12	30
TCGA-MP-A4T9-01A-11D-A24P-08	12	7	16
TCGA-MP-A4TA-01A-21D-A24P-08	250	35	85
TCGA-MP-A4TC-01A-11D-A24P-08	208	35	28
TCGA-MP-A4TD-01A-32D-A25L-08	48	6	30
TCGA-MP-A4TE-01A-22D-A25L-08	65	3	76
TCGA-MP-A4TF-01A-11D-A25L-08	347	35	53
TCGA-MP-A4TH-01A-31D-A25L-08	61	7	45
TCGA-MP-A4TK-01A-11D-A24P-08	275	64	28
TCGA-NJ-A4YF-01A-12D-A25L-08	559	43	43
TCGA-NJ-A4YP-01A-11D-A25L-08	134	450	4
TCGA-NJ-A4YQ-01A-11D-A25L-08	995	51	98
TCGA-NJ-A55R-01A-11D-A25L-08	223	21	39
TCGA-NJ-A7XG-01A-12D-A397-08	8	0	25
TCGA-O1-A52J-01A-11D-A25L-08	138	11	39
TCGA-S2-AA1A-01A-12D-A397-08	102	5	21
