Samples	SBS96A	SBS96B	SBS96C	SBS96D	SBS96E
TCGA-05-4244-01A-01D-1105-08	129	41	12	29	9
TCGA-05-4250-01A-01D-1105-08	204	73	53	31	19
TCGA-05-4382-01A-01D-1931-08	1411	0	222	69	89
TCGA-05-4384-01A-01D-1753-08	72	20	13	16	15
TCGA-05-4389-01A-01D-1265-08	72	15	76	43	33
TCGA-05-4390-01A-02D-1753-08	427	87	17	27	13
TCGA-05-4395-01A-01D-1265-08	109	27	102	25	18
TCGA-05-4396-01A-21D-1855-08	131	54	23	31	11
TCGA-05-4397-01A-01D-1265-08	402	220	165	32	56
TCGA-05-4398-01A-01D-1265-08	427	75	92	53	93
TCGA-05-4402-01A-01D-1265-08	3	23	86	12	0
TCGA-05-4403-01A-01D-1265-08	38	42	10	45	2
TCGA-05-4405-01A-21D-1855-08	240	58	22	32	35
TCGA-05-4410-01A-21D-1855-08	745	153	151	45	35
TCGA-05-4415-01A-22D-1855-08	139	48	4	17	0
TCGA-05-4417-01A-22D-1855-08	205	68	7	22	14
TCGA-05-4418-01A-01D-1265-08	146	84	19	23	18
TCGA-05-4420-01A-01D-1265-08	194	48	22	17	19
TCGA-05-4422-01A-01D-1265-08	12	4	16	9	4
TCGA-05-4424-01A-22D-1855-08	505	45	90	33	39
TCGA-05-4425-01A-01D-1753-08	0	9	2	26	3
TCGA-05-4426-01A-01D-1265-08	8	7	8	19	3
TCGA-05-4427-01A-21D-1855-08	661	142	71	55	115
TCGA-05-4430-01A-02D-1265-08	184	33	17	19	20
TCGA-05-4432-01A-01D-1265-08	341	133	28	47	53
TCGA-05-4433-01A-22D-1855-08	2	0	1	35	0
TCGA-05-4434-01A-01D-1265-08	1	22	7	9	5
TCGA-05-5420-01A-01D-1625-08	36	25	7	20	0
TCGA-05-5423-01A-01D-1625-08	93	6	17	29	10
TCGA-05-5425-01A-02D-1625-08	367	155	35	27	3
TCGA-05-5428-01A-01D-1625-08	216	0	130	26	28
TCGA-05-5429-01A-01D-1625-08	2	0	6	23	3
TCGA-05-5715-01A-01D-1625-08	10	0	84	28	0
TCGA-17-Z000-01A-01W-0746-08	46	16	36	22	2
TCGA-17-Z001-01A-01W-0746-08	117	37	14	19	17
TCGA-17-Z002-01A-01W-0746-08	0	0	4	0	2
TCGA-17-Z003-01A-01W-0746-08	74	92	18	21	43
TCGA-17-Z004-01A-01W-0746-08	0	11	1	4	5
TCGA-17-Z007-01A-01W-0746-08	9	0	2	34	21
TCGA-17-Z009-01A-01W-0746-08	26	9	0	0	4
TCGA-17-Z011-01A-01W-0746-08	52	15	10	16	18
TCGA-17-Z013-01A-01W-0746-08	18	28	2	9	0
TCGA-17-Z015-01A-01W-0746-08	313	45	22	118	18
TCGA-17-Z017-01A-01W-0746-08	126	64	12	11	17
TCGA-17-Z018-01A-01W-0746-08	213	11	14	16	9
TCGA-17-Z019-01A-01W-0746-08	0	1	0	0	0
TCGA-17-Z020-01A-01W-0746-08	49	26	31	8	8
TCGA-17-Z021-01A-01W-0746-08	87	34	5	0	7
TCGA-17-Z022-01A-01W-0746-08	806	119	252	44	87
TCGA-17-Z023-01A-01W-0746-08	195	143	60	12	0
TCGA-17-Z025-01A-01W-0746-08	174	46	4	12	17
TCGA-17-Z026-01A-01W-0746-08	366	76	551	5	22
TCGA-17-Z027-01A-01W-0746-08	25	27	3	17	25
TCGA-17-Z028-01A-01W-0746-08	272	98	60	27	33
TCGA-17-Z030-01A-01W-0746-08	395	92	26	21	35
TCGA-17-Z031-01A-01W-0746-08	1665	24	42	87	594
TCGA-17-Z032-01A-01W-0746-08	39	8	28	24	11
TCGA-17-Z033-01A-01W-0746-08	90	8	39	5	27
TCGA-17-Z036-01A-01W-0746-08	30	8	10	9	20
TCGA-17-Z037-01A-01W-0746-08	6	0	8	98	29
TCGA-17-Z041-01A-01W-0746-08	14	12	11	12	0
TCGA-17-Z042-01A-01W-0746-08	337	98	27	26	11
TCGA-17-Z043-01A-01W-0746-08	81	77	28	9	18
TCGA-17-Z044-01A-01W-0746-08	47	51	12	5	11
TCGA-17-Z045-01A-01W-0746-08	463	150	37	11	55
TCGA-17-Z047-01A-01W-0747-08	0	12	4	7	0
TCGA-17-Z048-01A-01W-0746-08	0	9	3	10	7
TCGA-17-Z049-01A-01W-0746-08	332	100	47	13	17
TCGA-17-Z050-01A-01W-0747-08	65	27	28	32	21
TCGA-17-Z051-01A-01W-0747-08	60	49	14	14	0
TCGA-17-Z052-01A-01W-0747-08	65	42	3	3	5
TCGA-17-Z053-01A-01W-0747-08	109	84	34	28	0
TCGA-17-Z054-01A-01W-0747-08	0	2	0	2	0
TCGA-17-Z055-01A-01W-0747-08	386	171	28	25	25
TCGA-17-Z056-01A-01W-0747-08	236	100	98	14	31
TCGA-17-Z057-01A-01W-0747-08	84	83	219	28	0
TCGA-17-Z058-01A-01W-0747-08	35	21	4	12	6
TCGA-17-Z059-01A-01W-0747-08	99	0	37	13	10
TCGA-17-Z061-01A-01W-0747-08	49	94	19	3	17
TCGA-17-Z062-01A-01W-0747-08	297	101	26	11	8
TCGA-35-4122-01A-01D-1105-08	104	131	50	20	25
TCGA-35-4123-01A-01D-1105-08	197	75	13	19	0
TCGA-35-5375-01A-01D-1625-08	208	96	41	40	55
TCGA-38-4625-01A-01D-1553-08	440	0	126	24	21
TCGA-38-4626-01A-01D-1553-08	166	35	10	0	7
TCGA-38-4627-01A-01D-1553-08	4	0	4	15	5
TCGA-38-4628-01A-01D-1265-08	30	42	21	33	0
TCGA-38-4629-01A-02D-1265-08	131	58	34	35	27
TCGA-38-4630-01A-01D-1265-08	20	0	60	36	9
TCGA-38-4631-01A-01D-1753-08	584	125	34	14	17
TCGA-38-4632-01A-01D-1753-08	303	106	39	22	56
TCGA-38-6178-01A-11D-1753-08	14	15	6	14	5
TCGA-38-7271-01A-11D-2036-08	27	5	22	0	0
TCGA-44-2655-01A-01D-1553-08	152	8	14	9	5
TCGA-44-2655-01A-01W-0928-08	145	21	16	9	4
TCGA-44-2656-01A-02D-0969-08	686	127	30	47	25
TCGA-44-2656-01A-02D-A271-08	637	134	21	36	5
TCGA-44-2656-01A-02W-0928-08	602	140	25	17	25
TCGA-44-2656-01A-12D-A27T-08	645	148	24	42	14
TCGA-44-2656-01A-41D-A27T-08	676	141	26	44	7
TCGA-44-2656-01B-06D-A271-08	567	119	36	19	16
TCGA-44-2657-01A-01D-1105-08	308	36	45	30	0
TCGA-44-2661-01A-01D-1105-08	1	22	5	9	6
TCGA-44-2662-01A-01D-0969-08	36	14	161	3	12
TCGA-44-2662-01A-01D-A271-08	37	32	141	0	7
TCGA-44-2662-01A-01W-0928-08	37	17	141	0	12
TCGA-44-2662-01B-02D-A271-08	29	7	131	3	20
TCGA-44-2665-01A-01D-1040-01	0	0	12	22	13
TCGA-44-2665-01A-01D-A271-08	2	0	13	22	11
TCGA-44-2665-01A-01W-0928-08	0	11	14	14	13
TCGA-44-2665-01B-06D-A271-08	1	1	14	19	17
TCGA-44-2666-01A-01D-1489-08	3	4	3	13	7
TCGA-44-2666-01A-01D-A271-08	2	8	3	11	3
TCGA-44-2666-01A-01W-0928-08	1	8	4	15	4
TCGA-44-2666-01A-21D-A27T-08	6	1	3	17	7
TCGA-44-2666-01A-41D-A27T-08	2	6	5	13	8
TCGA-44-2666-01B-02D-A271-08	4	0	2	12	7
TCGA-44-2668-01A-01D-0969-08	240	36	83	18	25
TCGA-44-2668-01A-01D-A271-08	228	24	76	13	22
TCGA-44-2668-01A-01W-0928-08	252	31	85	12	17
TCGA-44-2668-01B-02D-A271-08	152	19	45	4	16
TCGA-44-3396-01A-01D-1553-08	40	33	85	35	0
TCGA-44-3398-01A-01D-1105-08	99	9	56	22	5
TCGA-44-3917-01A-01D-A271-08	107	83	26	16	0
TCGA-44-3917-01B-02D-A271-08	105	87	29	18	0
TCGA-44-3918-01B-02D-A271-08	739	75	93	20	0
TCGA-44-3919-01A-02D-1105-08	2	19	4	5	3
TCGA-44-3919-01A-02D-1458-08	1	23	8	6	0
TCGA-44-4112-01A-01D-1105-08	318	42	36	29	5
TCGA-44-4112-01A-01D-1458-08	332	54	35	28	1
TCGA-44-4112-01A-22D-A27T-08	342	44	38	41	0
TCGA-44-4112-01A-31D-A27T-08	332	19	98	46	6
TCGA-44-4112-01B-06D-A271-08	260	34	33	20	2
TCGA-44-5643-01A-01D-1625-08	34	37	31	36	0
TCGA-44-5644-01A-21D-2036-08	668	166	69	75	18
TCGA-44-5645-01A-01D-1625-08	0	11	0	13	12
TCGA-44-5645-01A-01D-A271-08	0	15	0	11	10
TCGA-44-5645-01A-21D-A27T-08	0	16	0	14	10
TCGA-44-5645-01A-51D-A27T-08	1	13	0	14	10
TCGA-44-5645-01B-04D-A271-08	1	14	0	15	7
TCGA-44-6144-01A-11D-1753-08	125	29	25	23	34
TCGA-44-6145-01A-11D-1753-08	257	21	10	16	21
TCGA-44-6147-01A-11D-1753-08	113	16	20	15	23
TCGA-44-6147-01A-11D-A271-08	126	13	30	18	12
TCGA-44-6147-01A-21D-A27T-08	123	9	25	48	21
TCGA-44-6147-01A-31D-A27T-08	79	20	8	0	16
TCGA-44-6147-01B-06D-A271-08	90	16	12	15	18
TCGA-44-6774-01A-21D-1855-08	239	44	10	11	3
TCGA-44-6775-01A-11D-1855-08	18	18	5	11	8
TCGA-44-6775-01A-11D-A271-08	11	19	7	13	9
TCGA-44-6775-01A-21D-A27T-08	13	23	5	10	7
TCGA-44-6775-01A-31D-A27T-08	18	24	8	11	5
TCGA-44-6775-01C-02D-A271-08	8	26	3	11	7
TCGA-44-6776-01A-11D-1855-08	128	39	11	17	5
TCGA-44-6777-01A-11D-1855-08	197	44	81	36	14
TCGA-44-6778-01A-11D-1855-08	244	93	20	25	23
TCGA-44-6779-01A-11D-1855-08	37	8	8	39	9
TCGA-44-7659-01A-11D-2063-08	76	41	12	8	15
TCGA-44-7660-01A-11D-2063-08	142	158	39	22	0
TCGA-44-7661-01A-11D-2063-08	144	47	44	18	8
TCGA-44-7662-01A-11D-2063-08	343	106	73	18	44
TCGA-44-7667-01A-31D-2063-08	281	95	25	45	38
TCGA-44-7670-01A-11D-2063-08	798	54	165	47	72
TCGA-44-7671-01A-11D-2063-08	116	86	14	24	0
TCGA-44-7672-01A-11D-2063-08	100	38	8	11	5
TCGA-44-8117-01A-11D-2238-08	615	75	49	57	16
TCGA-44-8119-01A-11D-2238-08	402	112	30	75	47
TCGA-44-8120-01A-11D-2238-08	459	99	43	44	0
TCGA-44-A479-01A-31D-A24D-08	233	0	27	18	17
TCGA-44-A47A-01A-21D-A24D-08	49	72	68	27	0
TCGA-44-A47G-01A-21D-A24D-08	12	25	16	9	7
TCGA-44-A4SS-01A-11D-A24P-08	263	104	56	29	39
TCGA-44-A4SU-01A-11D-A24P-08	66	46	8	27	3
TCGA-49-4487-01A-21D-1855-08	194	88	65	5	0
TCGA-49-4488-01A-01D-1753-08	223	0	31	10	35
TCGA-49-4490-01A-21D-1855-08	0	18	9	11	2
TCGA-49-4494-01A-01D-1265-08	131	34	13	22	0
TCGA-49-4501-01A-01D-1265-08	2	3	9	21	11
TCGA-49-4505-01A-01D-1931-08	127	20	20	40	15
TCGA-49-4506-01A-01D-1265-08	61	20	6	15	14
TCGA-49-4510-01A-01D-1265-08	20	12	6	4	5
TCGA-49-4512-01A-21D-1855-08	7	0	5	15	9
TCGA-49-4514-01A-21D-1855-08	146	39	113	31	11
TCGA-49-6743-01A-11D-1855-08	303	115	219	36	102
TCGA-49-6744-01A-11D-1855-08	148	45	11	7	2
TCGA-49-6745-01A-11D-1855-08	1	5	70	32	21
TCGA-49-6761-01A-31D-1945-08	52	13	75	16	31
TCGA-49-AAQV-01A-11D-A397-08	3	22	29	7	0
TCGA-49-AAR0-01A-21D-A397-08	61	4	20	27	24
TCGA-49-AAR3-01A-11D-A410-08	52	40	17	5	9
TCGA-49-AAR4-01A-12D-A410-08	338	83	110	12	30
TCGA-49-AAR9-01A-21D-A410-08	505	108	23	46	3
TCGA-49-AARE-01A-11D-A410-08	928	121	99	56	76
TCGA-49-AARN-01A-21D-A410-08	191	0	75	0	526
TCGA-49-AARO-01A-12D-A410-08	537	30	39	3	17
TCGA-49-AARQ-01A-11D-A410-08	534	92	100	31	0
TCGA-49-AARR-01A-11D-A410-08	1	0	0	0	0
TCGA-4B-A93V-01A-11D-A397-08	75	28	11	11	18
TCGA-50-5044-01A-21D-1855-08	0	20	106	4	0
TCGA-50-5045-01A-01D-1625-08	249	9	21	7	0
TCGA-50-5051-01A-21D-1855-08	69	18	8	21	0
TCGA-50-5055-01A-01D-1625-08	0	5	1	4	0
TCGA-50-5066-01A-01D-1625-08	158	48	26	4	36
TCGA-50-5066-02A-11D-2107-08	187	97	26	18	58
TCGA-50-5068-01A-01D-1625-08	33	22	9	27	0
TCGA-50-5072-01A-21D-1855-08	80	27	19	16	24
TCGA-50-5930-01A-11D-1753-08	945	111	23	41	47
TCGA-50-5931-01A-11D-1753-08	176	95	26	19	6
TCGA-50-5932-01A-11D-1753-08	55	15	2	6	0
TCGA-50-5935-01A-11D-1753-08	0	25	56	11	2
TCGA-50-5939-01A-11D-1625-08	6	18	18	15	16
TCGA-50-5941-01A-11D-1753-08	226	105	33	16	0
TCGA-50-5942-01A-21D-1753-08	28	10	2	4	12
TCGA-50-5946-01A-11D-1753-08	392	86	161	56	0
TCGA-50-5946-02A-11D-2107-08	403	97	181	58	1
TCGA-50-6590-01A-12D-1855-08	534	148	190	12	19
TCGA-50-6591-01A-11D-1753-08	5	19	6	10	10
TCGA-50-6592-01A-11D-1753-08	98	103	59	22	18
TCGA-50-6593-01A-11D-1753-08	191	62	16	19	35
TCGA-50-6594-01A-11D-1753-08	377	77	58	15	20
TCGA-50-6595-01A-12D-1855-08	11	23	23	7	16
TCGA-50-6597-01A-11D-1855-08	1	1	20	15	17
TCGA-50-6673-01A-11D-1945-08	1	17	7	21	5
TCGA-50-7109-01A-11D-2036-08	147	54	8	30	12
TCGA-50-8457-01A-11D-2323-08	18	19	5	10	3
TCGA-50-8460-01A-11D-2323-08	5	0	4	11	9
TCGA-53-7624-01A-11D-2063-08	435	166	172	50	20
TCGA-53-7626-01A-12D-2063-08	259	40	46	7	13
TCGA-53-7813-01A-11D-2167-08	91	38	3	22	2
TCGA-55-1592-01A-01D-0969-08	182	234	66	23	43
TCGA-55-1592-01A-01W-0928-08	170	234	63	28	27
TCGA-55-1594-01A-01D-1040-01	50	3	67	24	15
TCGA-55-1594-01A-01W-0928-08	38	22	68	14	11
TCGA-55-1595-01A-01D-0969-08	209	88	18	18	1
TCGA-55-1596-01A-01D-1040-01	63	100	11	15	9
TCGA-55-1596-01A-01W-0928-08	64	104	9	10	5
TCGA-55-5899-01A-11D-1625-08	268	42	120	24	20
TCGA-55-6543-01A-11D-1753-08	1	0	2	18	1
TCGA-55-6642-01A-11D-1855-08	84	14	8	11	11
TCGA-55-6712-01A-11D-1855-08	22	26	76	13	0
TCGA-55-6968-01A-11D-1945-08	100	46	380	1	0
TCGA-55-6969-01A-11D-1945-08	227	107	15	10	52
TCGA-55-6971-01A-11D-1945-08	35	28	6	2	13
TCGA-55-6972-01A-11D-1945-08	78	0	125	15	58
TCGA-55-6975-01A-11D-1945-08	23	16	10	16	6
TCGA-55-6978-01A-11D-1945-08	0	9	0	8	10
TCGA-55-6979-01A-11D-1945-08	51	31	32	0	0
TCGA-55-6980-01A-11D-1945-08	0	8	0	3	0
TCGA-55-6981-01A-11D-1945-08	0	18	8	23	0
TCGA-55-6982-01A-11D-1945-08	7	19	181	14	0
TCGA-55-6984-01A-11D-1945-08	0	15	1	4	0
TCGA-55-6985-01A-11D-1945-08	327	86	9	29	7
TCGA-55-6986-01A-11D-1945-08	0	10	1	7	0
TCGA-55-6987-01A-11D-1945-08	68	41	65	9	0
TCGA-55-7281-01A-11D-2036-08	264	122	50	18	8
TCGA-55-7283-01A-11D-2036-08	83	28	49	52	16
TCGA-55-7284-01B-11D-2238-08	2	1	1	27	12
TCGA-55-7570-01A-11D-2036-08	139	152	93	9	0
TCGA-55-7573-01A-11D-2036-08	17	25	7	1	1
TCGA-55-7574-01A-11D-2036-08	59	51	118	5	0
TCGA-55-7576-01A-11D-2063-08	213	111	28	34	10
TCGA-55-7724-01A-11D-2167-08	37	81	30	34	29
TCGA-55-7725-01A-11D-2167-08	83	27	5	14	12
TCGA-55-7726-01A-11D-2167-08	9	4	77	25	0
TCGA-55-7727-01A-11D-2167-08	104	0	98	23	40
TCGA-55-7903-01A-11D-2167-08	69	19	22	36	10
TCGA-55-7907-01A-11D-2167-08	820	141	231	39	0
TCGA-55-7910-01A-11D-2167-08	225	49	10	39	0
TCGA-55-7911-01A-11D-2167-08	123	76	26	18	0
TCGA-55-7913-01B-11D-2238-08	208	55	41	32	18
TCGA-55-7914-01A-11D-2167-08	88	18	26	40	10
TCGA-55-7994-01A-11D-2184-08	1117	299	110	95	15
TCGA-55-7995-01A-11D-2184-08	382	127	107	19	67
TCGA-55-8085-01A-11D-2238-08	96	16	128	34	12
TCGA-55-8087-01A-11D-2238-08	0	2	8	16	1
TCGA-55-8089-01A-11D-2238-08	692	141	415	39	18
TCGA-55-8090-01A-11D-2238-08	37	40	3	9	3
TCGA-55-8091-01A-11D-2238-08	0	0	1	20	0
TCGA-55-8092-01A-11D-2238-08	292	25	140	75	70
TCGA-55-8094-01A-11D-2238-08	329	27	19	30	72
TCGA-55-8096-01A-11D-2238-08	77	35	10	23	5
TCGA-55-8097-01A-11D-2238-08	45	10	11	43	4
TCGA-55-8203-01A-11D-2238-08	339	56	8	47	2
TCGA-55-8204-01A-11D-2238-08	49	76	84	23	0
TCGA-55-8206-01A-11D-2238-08	6	0	4	12	4
TCGA-55-8208-01A-11D-2238-08	55	105	163	11	4
TCGA-55-8299-01A-11D-2284-08	106	51	12	2	19
TCGA-55-8301-01A-11D-2284-08	151	84	33	16	10
TCGA-55-8506-01A-11D-2393-08	1018	33	33	638	38
TCGA-55-8507-01A-11D-2393-08	751	130	42	64	47
TCGA-55-8510-01A-11D-2393-08	203	74	31	12	4
TCGA-55-8511-01A-11D-2393-08	349	54	80	41	60
TCGA-55-8512-01A-11D-2393-08	13	20	5	2	0
TCGA-55-8514-01A-11D-2393-08	179	61	13	43	0
TCGA-55-8614-01A-11D-2393-08	53	100	33	61	0
TCGA-55-8615-01A-11D-2393-08	46	48	5	11	17
TCGA-55-8616-01A-11D-2393-08	402	47	21	53	0
TCGA-55-8620-01A-11D-2393-08	317	105	29	59	12
TCGA-55-8621-01A-11D-2393-08	31	9	4	8	1
TCGA-55-A48X-01A-11D-A24D-08	278	48	33	15	14
TCGA-55-A48Y-01A-11D-A24D-08	0	0	341	27	0
TCGA-55-A48Z-01A-12D-A24P-08	15	12	5	18	7
TCGA-55-A490-01A-11D-A24D-08	1041	135	131	50	14
TCGA-55-A491-01A-11D-A24D-08	247	54	34	33	27
TCGA-55-A492-01A-11D-A24D-08	162	69	21	21	17
TCGA-55-A493-01A-11D-A24D-08	122	18	72	27	29
TCGA-55-A494-01A-11D-A24P-08	152	7	18	63	8
TCGA-55-A4DF-01A-11D-A24D-08	133	65	586	47	8
TCGA-55-A4DG-01A-11D-A24D-08	515	143	25	40	0
TCGA-55-A57B-01A-12D-A397-08	6	0	6	21	4
TCGA-62-8394-01A-11D-2323-08	19	39	46	22	11
TCGA-62-8395-01A-11D-2323-08	3	17	18	35	0
TCGA-62-8397-01A-11D-2323-08	7	0	3	9	6
TCGA-62-8398-01A-11D-2323-08	37	8	12	15	12
TCGA-62-8399-01A-21D-2323-08	232	43	218	56	0
TCGA-62-8402-01A-11D-2323-08	4	16	8	21	8
TCGA-62-A46O-01A-11D-A24D-08	527	158	177	50	23
TCGA-62-A46P-01A-11D-A24D-08	210	31	7	36	0
TCGA-62-A46R-01A-11D-A24D-08	74	12	29	31	26
TCGA-62-A46S-01A-11D-A24D-08	61	0	14	25	26
TCGA-62-A46U-01A-11D-A24D-08	11	8	10	15	0
TCGA-62-A46V-01A-11D-A24D-08	10	0	7	23	17
TCGA-62-A46Y-01A-11D-A24D-08	6	0	1	15	10
TCGA-62-A471-01A-12D-A24D-08	6	10	65	20	22
TCGA-62-A472-01A-11D-A24D-08	11	22	5	11	8
TCGA-64-1676-01A-01D-0969-08	447	124	27	30	0
TCGA-64-1676-01A-01W-0928-08	434	115	27	28	1
TCGA-64-1677-01A-01W-0928-08	51	52	84	25	2
TCGA-64-1678-01A-01W-0928-08	339	4	42	17	35
TCGA-64-1679-01A-21D-2063-08	372	95	43	17	0
TCGA-64-1680-01A-02D-0969-08	5	4	20	23	0
TCGA-64-1680-01A-02W-0928-08	8	0	14	16	8
TCGA-64-1681-01A-11D-2063-08	5	7	16	6	31
TCGA-64-5774-01A-01D-1625-08	99	20	7	18	0
TCGA-64-5775-01A-01D-1625-08	374	53	29	44	6
TCGA-64-5778-01A-01D-1625-08	324	70	39	29	24
TCGA-64-5781-01A-01D-1625-08	707	194	160	46	45
TCGA-64-5815-01A-01D-1625-08	112	30	6	33	0
TCGA-67-3770-01A-01D-0969-08	136	47	9	25	16
TCGA-67-3770-01A-01W-0928-08	136	41	9	26	14
TCGA-67-3771-01A-01D-1040-01	412	311	356	49	12
TCGA-67-3771-01A-01W-0928-08	397	342	353	47	42
TCGA-67-3773-01A-01D-1040-01	58	11	5	19	9
TCGA-67-3774-01A-01D-1040-01	48	45	9	11	5
TCGA-67-3774-01A-01W-0928-08	39	50	4	8	2
TCGA-67-4679-01B-01D-1753-08	190	44	13	26	19
TCGA-67-6215-01A-11D-1753-08	0	0	0	0	109
TCGA-67-6216-01A-11D-1753-08	0	12	9	3	2
TCGA-67-6217-01A-11D-1753-08	130	15	8	16	23
TCGA-69-7760-01A-11D-2167-08	15	0	5	23	28
TCGA-69-7764-01A-11D-2167-08	21	32	9	24	5
TCGA-69-7765-01A-11D-2167-08	443	91	67	6	33
TCGA-69-7973-01A-11D-2184-08	212	0	15	35	3
TCGA-69-7974-01A-11D-2184-08	335	107	38	48	0
TCGA-69-7978-01A-11D-2184-08	314	81	184	37	0
TCGA-69-8253-01A-11D-2284-08	87	18	25	20	17
TCGA-69-8254-01A-11D-2284-08	16	23	4	21	11
TCGA-69-8255-01A-11D-2284-08	109	81	43	28	39
TCGA-69-A59K-01A-11D-A25L-08	389	0	58	55	6
TCGA-71-6725-01A-11D-1855-08	4	8	7	36	2
TCGA-71-8520-01A-11D-2393-08	21	0	18	41	12
TCGA-73-4658-01A-01D-1753-08	134	0	134	13	51
TCGA-73-4659-01A-01D-1265-08	132	48	11	21	10
TCGA-73-4662-01A-01D-1265-08	124	56	20	13	0
TCGA-73-4670-01A-01D-1265-08	200	50	19	27	70
TCGA-73-4675-01A-01D-1265-08	10	31	4	17	7
TCGA-73-4676-01A-01D-1753-08	25	29	4	19	21
TCGA-73-4677-01A-01D-1265-08	163	39	20	27	16
TCGA-73-7498-01A-12D-2184-08	55	28	3	22	9
TCGA-75-5122-01A-01D-1753-08	42	44	25	23	0
TCGA-75-5125-01A-01D-1753-08	55	33	44	23	9
TCGA-75-5126-01A-01D-1753-08	356	51	174	30	11
TCGA-75-5146-01A-01D-1625-08	133	35	14	5	6
TCGA-75-5147-01A-01D-1625-08	0	9	11	11	5
TCGA-75-6203-01A-11D-1753-08	1	0	0	12	0
TCGA-75-6205-01A-11D-1753-08	1	24	4	3	11
TCGA-75-6206-01A-11D-1753-08	34	46	11	1	0
TCGA-75-6207-01A-11D-1753-08	8	20	15	13	2
TCGA-75-6211-01A-11D-1753-08	253	84	24	25	6
TCGA-75-6214-01A-41D-1945-08	352	161	184	38	0
TCGA-75-7025-01A-12D-1945-08	0	0	8	18	4
TCGA-75-7027-01A-11D-1945-08	140	69	14	24	3
TCGA-75-7030-01A-11D-1945-08	3	0	0	4	1
TCGA-78-7145-01A-11D-2036-08	125	30	15	23	4
TCGA-78-7146-01A-11D-2036-08	189	34	99	45	15
TCGA-78-7147-01A-11D-2036-08	146	91	58	29	39
TCGA-78-7148-01A-11D-2036-08	110	69	12	9	20
TCGA-78-7149-01A-11D-2036-08	34	11	78	17	8
TCGA-78-7150-01A-21D-2036-08	122	94	154	38	27
TCGA-78-7152-01A-11D-2036-08	65	38	86	10	7
TCGA-78-7153-01A-11D-2036-08	16	29	27	20	12
TCGA-78-7154-01A-11D-2036-08	41	35	113	52	25
TCGA-78-7155-01A-11D-2036-08	1081	173	139	66	121
TCGA-78-7160-01A-11D-2036-08	0	28	6	5	2
TCGA-78-7161-01A-11D-2036-08	114	33	15	25	11
TCGA-78-7162-01A-21D-2063-08	26	37	17	6	1
TCGA-78-7163-01A-12D-2063-08	3	0	0	10	6
TCGA-78-7166-01A-12D-2063-08	189	1	6	11	33
TCGA-78-7167-01A-11D-2063-08	34	0	30	23	13
TCGA-78-7220-01A-11D-2036-08	486	172	129	28	74
TCGA-78-7535-01A-11D-2063-08	87	30	2	8	57
TCGA-78-7536-01A-11D-2063-08	425	93	21	36	78
TCGA-78-7539-01A-11D-2063-08	111	67	294	43	0
TCGA-78-7540-01A-11D-2063-08	4	4	1	21	0
TCGA-78-7542-01A-21D-2063-08	273	0	35	35	42
TCGA-78-7633-01A-11D-2063-08	56	40	8	5	0
TCGA-78-8640-01A-11D-2393-08	371	117	133	64	72
TCGA-78-8648-01A-11D-2393-08	4	2	0	0	1
TCGA-78-8655-01A-11D-2393-08	42	34	8	17	4
TCGA-78-8662-01A-11D-2393-08	765	199	109	57	96
TCGA-80-5607-01A-31D-1945-08	0	0	121	6	4
TCGA-80-5608-01A-31D-1945-08	111	29	14	26	0
TCGA-80-5611-01A-01D-1625-08	57	77	9	18	37
TCGA-83-5908-01A-21D-2284-08	98	40	90	17	0
TCGA-86-6562-01A-11D-1753-08	8	6	14	17	8
TCGA-86-6851-01A-11D-1945-08	561	238	117	2	0
TCGA-86-7701-01A-11D-2167-08	133	29	6	21	15
TCGA-86-7711-01A-11D-2063-08	81	49	51	24	26
TCGA-86-7713-01A-11D-2063-08	80	57	10	12	1
TCGA-86-7954-01A-11D-2184-08	80	59	39	39	3
TCGA-86-7955-01A-11D-2184-08	163	53	39	30	43
TCGA-86-8055-01A-11D-2238-08	0	8	7	19	10
TCGA-86-8056-01A-11D-2238-08	59	13	167	28	20
TCGA-86-8073-01A-11D-2238-08	1176	152	127	51	47
TCGA-86-8074-01A-11D-2238-08	11	14	6	13	27
TCGA-86-8075-01A-11D-2238-08	2	5	3	25	7
TCGA-86-8076-01A-31D-2238-08	11	19	24	13	0
TCGA-86-8279-01A-11D-2284-08	394	53	23	29	44
TCGA-86-8280-01A-11D-2284-08	0	32	3	13	0
TCGA-86-8281-01A-11D-2284-08	157	44	32	34	0
TCGA-86-8359-01A-11D-2323-08	111	8	11	27	13
TCGA-86-8585-01A-11D-2393-08	322	134	112	22	4
TCGA-86-8668-01A-11D-2393-08	3	0	6	16	6
TCGA-86-8671-01A-11D-2393-08	4	8	4	8	9
TCGA-86-8672-01A-21D-2393-08	174	47	43	28	23
TCGA-86-8673-01A-11D-2393-08	258	153	43	22	13
TCGA-86-8674-01A-21D-2393-08	220	7	42	10	25
TCGA-86-A456-01A-11D-A24D-08	238	42	36	24	24
TCGA-86-A4JF-01A-11D-A24P-08	282	229	116	542	153
TCGA-86-A4P7-01A-11D-A24P-08	1	28	25	6	0
TCGA-91-6828-01A-11D-1855-08	190	29	31	24	2
TCGA-91-6829-01A-21D-1855-08	336	212	59	17	40
TCGA-91-6830-01A-11D-1945-08	9	23	186	4	0
TCGA-91-6831-01A-11D-1855-08	129	109	17	13	9
TCGA-91-6835-01A-11D-1855-08	18	27	16	11	6
TCGA-91-6836-01A-21D-1855-08	300	100	31	31	8
TCGA-91-6840-01A-11D-1945-08	9	21	75	19	0
TCGA-91-6847-01A-11D-1945-08	11	11	15	34	3
TCGA-91-6848-01A-11D-1945-08	295	175	103	17	13
TCGA-91-6849-01A-11D-1945-08	59	22	9	11	16
TCGA-91-7771-01A-11D-2167-08	64	77	27	13	13
TCGA-91-A4BC-01A-11D-A24D-08	310	71	26	24	24
TCGA-91-A4BD-01A-11D-A24D-08	0	1	5	14	3
TCGA-93-7347-01A-11D-2184-08	68	34	13	7	0
TCGA-93-7348-01A-21D-2036-08	38	10	18	26	20
TCGA-93-8067-01A-11D-2284-08	51	0	455	31	15
TCGA-93-8067-01C-01D-A38P-08	31	0	229	7	19
TCGA-93-8067-01D-01D-A38P-08	31	0	141	4	13
TCGA-93-A4JO-01A-21D-A24P-08	5	22	11	1	11
TCGA-93-A4JP-01A-11D-A24P-08	13	0	20	8	14
TCGA-93-A4JP-01D-01D-A38P-08	27	0	38	39	12
TCGA-93-A4JP-01E-01D-A38P-08	29	0	36	27	12
TCGA-95-7039-01A-11D-1945-08	858	196	78	56	104
TCGA-95-7043-01A-11D-1945-08	845	130	79	83	0
TCGA-95-7562-01A-11D-2238-08	327	31	14	29	0
TCGA-95-7567-01A-11D-2063-08	294	147	0	308	190
TCGA-95-7944-01A-11D-2184-08	9	25	216	13	0
TCGA-95-7947-01A-11D-2184-08	150	116	228	32	51
TCGA-95-7948-01A-11D-2184-08	0	0	129	15	0
TCGA-95-8494-01A-11D-2323-08	4	0	66	37	5
TCGA-95-A4VK-01A-11D-A25L-08	180	35	14	36	9
TCGA-95-A4VN-01A-11D-A25L-08	331	74	43	17	17
TCGA-97-7547-01A-11D-2036-08	82	22	50	21	0
TCGA-97-7552-01A-11D-2036-08	3	0	0	16	12
TCGA-97-7553-01A-21D-2036-08	15	4	4	22	0
TCGA-97-7554-01A-11D-2036-08	278	102	24	25	22
TCGA-97-7938-01A-11D-2167-08	287	46	57	28	0
TCGA-97-8171-01A-11D-2284-08	8	16	3	28	0
TCGA-97-8174-01A-11D-2284-08	92	18	23	34	2
TCGA-97-8175-01A-11D-2284-08	7	8	4	5	6
TCGA-97-8177-01A-11D-2284-08	1	15	4	8	6
TCGA-97-8552-01A-11D-2393-08	3	9	2	9	0
TCGA-97-A4LX-01A-11D-A24P-08	117	44	8	6	12
TCGA-97-A4M0-01A-11D-A24P-08	228	72	78	6	22
TCGA-97-A4M1-01A-11D-A24P-08	8	0	12	22	1
TCGA-97-A4M3-01A-11D-A24P-08	141	4	36	18	19
TCGA-97-A4M6-01A-11D-A24P-08	1	13	4	10	5
TCGA-97-A4M7-01A-11D-A24P-08	251	33	16	16	0
TCGA-99-7458-01A-11D-2036-08	323	114	23	34	4
TCGA-99-8025-01A-11D-2238-08	202	86	159	59	10
TCGA-99-8028-01A-11D-2238-08	318	29	6	10	38
TCGA-99-8033-01A-11D-2238-08	86	59	13	20	0
TCGA-99-AA5R-01A-11D-A397-08	25	14	3	0	0
TCGA-J2-8192-01A-11D-2238-08	11	19	12	30	2
TCGA-J2-8194-01A-11D-2238-08	68	40	9	29	12
TCGA-J2-A4AD-01A-11D-A24D-08	84	85	152	22	2
TCGA-J2-A4AE-01A-21D-A24D-08	0	18	16	22	0
TCGA-J2-A4AG-01A-11D-A24D-08	35	22	8	13	3
TCGA-L4-A4E5-01A-11D-A24P-08	258	42	19	21	23
TCGA-L4-A4E6-01A-11D-A24D-08	5	0	3	0	0
TCGA-L9-A443-01A-12D-A24D-08	158	64	19	12	2
TCGA-L9-A50W-01A-12D-A397-08	5	2	9	4	13
TCGA-L9-A5IP-01A-21D-A397-08	210	39	24	17	12
TCGA-L9-A743-01A-43D-A397-08	49	8	51	4	9
TCGA-L9-A7SV-01A-11D-A397-08	1537	73	72	55	0
TCGA-L9-A8F4-01A-11D-A397-08	519	139	68	37	57
TCGA-MN-A4N1-01A-11D-A24P-08	305	83	37	47	0
TCGA-MN-A4N4-01A-12D-A24P-08	899	131	381	51	66
TCGA-MN-A4N5-01A-11D-A24P-08	320	39	53	25	39
TCGA-MP-A4SV-01A-11D-A24P-08	134	70	128	17	4
TCGA-MP-A4SW-01A-21D-A24P-08	12	3	14	38	0
TCGA-MP-A4T2-01A-11D-A24P-08	13	37	27	11	0
TCGA-MP-A4T4-01A-11D-A25L-08	273	34	34	27	33
TCGA-MP-A4T6-01A-32D-A25L-08	2	22	25	25	4
TCGA-MP-A4T7-01A-11D-A24P-08	99	15	6	19	2
TCGA-MP-A4T8-01A-11D-A24P-08	58	20	9	14	13
TCGA-MP-A4T9-01A-11D-A24P-08	7	15	5	6	2
TCGA-MP-A4TA-01A-21D-A24P-08	197	80	27	34	32
TCGA-MP-A4TC-01A-11D-A24P-08	167	62	31	11	0
TCGA-MP-A4TD-01A-32D-A25L-08	34	32	5	13	0
TCGA-MP-A4TE-01A-22D-A25L-08	66	16	4	55	3
TCGA-MP-A4TF-01A-11D-A25L-08	298	56	30	28	23
TCGA-MP-A4TH-01A-31D-A25L-08	43	35	5	19	11
TCGA-MP-A4TK-01A-11D-A24P-08	233	47	59	16	12
TCGA-NJ-A4YF-01A-12D-A25L-08	464	124	38	19	0
TCGA-NJ-A4YP-01A-11D-A25L-08	110	0	399	2	77
TCGA-NJ-A4YQ-01A-11D-A25L-08	812	231	38	34	29
TCGA-NJ-A55R-01A-11D-A25L-08	177	62	16	12	16
TCGA-NJ-A7XG-01A-12D-A397-08	11	1	0	20	1
TCGA-O1-A52J-01A-11D-A25L-08	118	36	11	23	0
TCGA-S2-AA1A-01A-12D-A397-08	86	26	4	12	0
