Samples	SBS96A	SBS96B	SBS96C	SBS96D
TCGA-4N-A93T-01A-11D-A36X-10	10	12	25	53
TCGA-5M-AAT4-01A-11D-A40P-10	37	14	52	77
TCGA-5M-AAT5-01A-21D-A40P-10	6	3	35	31
TCGA-5M-AAT6-01A-11D-A40P-10	1055	0	844	0
TCGA-5M-AATA-01A-31D-A40P-10	12	4	49	16
TCGA-5M-AATE-01A-11D-A40P-10	16	6	53	67
TCGA-A6-2671-01A-01D-1408-10	16	6	37	27
TCGA-A6-2672-01B-03D-2298-08	732	46	204	173
TCGA-A6-2675-01A-02D-1719-10	0	0	66	35
TCGA-A6-2677-01A-01D-A270-10	3	13	70	57
TCGA-A6-2677-01B-02D-A270-10	4	16	60	52
TCGA-A6-2678-01A-01D-1953-10	1	6	9	9
TCGA-A6-2679-01A-02D-1408-10	41	7	61	49
TCGA-A6-2681-01A-01D-1408-10	9	3	66	77
TCGA-A6-2682-01A-01D-1408-10	1	11	20	48
TCGA-A6-2683-01A-01D-1953-10	0	0	18	20
TCGA-A6-2684-01A-01D-A270-10	7	1	48	61
TCGA-A6-2684-01C-08D-A270-10	7	2	49	47
TCGA-A6-2685-01A-01D-1408-10	0	0	17	36
TCGA-A6-2686-01A-01D-1408-10	1233	19	659	114
TCGA-A6-3807-01A-01W-0995-10	0	13	9	82
TCGA-A6-3808-01A-01W-0995-10	41	8	45	48
TCGA-A6-3810-01A-01D-A270-10	12	5	45	108
TCGA-A6-4105-01A-02D-1771-10	43	0	56	75
TCGA-A6-4107-01A-02D-1408-10	23	7	66	99
TCGA-A6-5656-01A-21D-1835-10	0	0	71	33
TCGA-A6-5656-01A-21D-A270-10	0	0	82	28
TCGA-A6-5657-01A-01D-1650-10	0	8	39	78
TCGA-A6-5659-01A-01D-1650-10	0	24	68	107
TCGA-A6-5659-01A-01D-A270-10	0	25	78	109
TCGA-A6-5659-01B-04D-A270-10	6	27	49	103
TCGA-A6-5660-01A-01D-1650-10	6	6	64	52
TCGA-A6-5661-01A-01D-1650-10	705	11	464	16
TCGA-A6-5662-01A-01D-1650-10	6	4	19	31
TCGA-A6-5664-01A-21D-1835-10	1	6	19	25
TCGA-A6-5665-01A-01D-1650-10	1108	37	492	31
TCGA-A6-5666-01A-01D-1650-10	0	13	43	36
TCGA-A6-5667-01A-21D-1719-10	0	0	16	52
TCGA-A6-6138-01A-11D-1771-10	13	4	34	65
TCGA-A6-6142-01A-11D-1771-10	0	0	23	57
TCGA-A6-6649-01A-11D-1771-10	19	3	43	51
TCGA-A6-6651-01A-21D-1835-10	14	0	16	57
TCGA-A6-6652-01A-11D-1771-10	18	0	15	52
TCGA-A6-6653-01A-11D-1771-10	447	0	461	163
TCGA-A6-6654-01A-21D-1835-10	0	0	147	53
TCGA-A6-6782-01A-11D-1835-10	15	23	20	91
TCGA-A6-A567-01A-31D-A28G-10	0	10	20	33
TCGA-A6-A56B-01A-31D-A28G-10	0	0	61	36
TCGA-A6-A5ZU-01A-11D-A28G-10	18	8	52	25
TCGA-AA-3489-01A-21D-1835-10	4	17	12	66
TCGA-AA-3492-01A-01D-1408-10	1384	0	660	0
TCGA-AA-3494-01A-01D-1408-10	0	0	40	51
TCGA-AA-3495-01A-01D-1408-10	6	7	55	56
TCGA-AA-3496-01A-21D-1835-10	5	7	52	33
TCGA-AA-3502-01A-01D-1408-10	0	19	119	62
TCGA-AA-3506-01A-01D-2188-10	0	0	103	66
TCGA-AA-3509-01A-01D-1408-10	0	0	49	44
TCGA-AA-3511-01A-21D-1835-10	0	16	20	78
TCGA-AA-3514-01A-02D-1953-10	0	0	31	0
TCGA-AA-3517-01A-01D-1953-10	0	0	5	10
TCGA-AA-3519-01A-02D-1953-10	6	6	14	0
TCGA-AA-3520-01A-01D-1953-10	0	0	28	0
TCGA-AA-3521-01A-01D-1953-10	1	1	9	4
TCGA-AA-3522-01A-01W-0831-10	0	4	7	14
TCGA-AA-3524-01A-02D-1953-10	0	0	3	10
TCGA-AA-3529-01A-02D-1953-10	0	0	11	10
TCGA-AA-3530-01A-01W-0995-10	3	1	43	49
TCGA-AA-3532-01A-01D-1953-10	2	2	4	10
TCGA-AA-3534-01A-01D-1953-10	0	0	19	12
TCGA-AA-3538-01A-01D-1953-10	4	0	3	9
TCGA-AA-3544-01A-01D-1953-10	5	2	17	1
TCGA-AA-3548-01A-01D-1953-10	0	0	23	0
TCGA-AA-3549-01A-02D-1953-10	6	0	12	0
TCGA-AA-3561-01A-01D-1953-10	0	0	17	0
TCGA-AA-3655-01A-02D-1719-10	36	0	51	0
TCGA-AA-3660-01A-01D-1719-10	18	13	49	43
TCGA-AA-3662-01A-01D-1719-10	0	0	30	53
TCGA-AA-3663-01A-01D-1719-10	1698	0	0	187
TCGA-AA-3664-01A-01W-0900-09	0	0	70	89
TCGA-AA-3666-01A-02W-0900-09	55	14	15	103
TCGA-AA-3667-01A-01W-0900-09	26	0	18	23
TCGA-AA-3672-01A-01W-0900-09	1280	0	386	0
TCGA-AA-3673-01A-01W-0900-09	5	1	36	31
TCGA-AA-3675-01A-02W-0900-09	0	0	50	50
TCGA-AA-3678-01A-01W-0900-09	0	5	39	27
TCGA-AA-3679-01A-02W-0900-09	0	0	28	46
TCGA-AA-3680-01A-01W-0900-09	0	18	57	34
TCGA-AA-3681-01A-01W-0900-09	2	1	63	60
TCGA-AA-3685-01A-02W-0900-09	0	0	32	55
TCGA-AA-3688-01A-01W-0900-09	2	11	14	48
TCGA-AA-3693-01A-01W-0900-09	0	0	19	141
TCGA-AA-3696-01A-01W-0900-09	14	7	29	41
TCGA-AA-3697-01A-01D-1719-10	23	10	30	141
TCGA-AA-3712-01A-21D-1719-10	0	25	0	134
TCGA-AA-3713-01A-21D-1719-10	592	0	347	0
TCGA-AA-3812-01A-01W-0900-09	8	13	39	58
TCGA-AA-3814-01A-01W-0900-09	9	7	43	48
TCGA-AA-3815-01A-01W-0995-10	489	19	208	162
TCGA-AA-3818-01A-01W-0900-09	16	20	37	79
TCGA-AA-3831-01A-01W-0900-09	9	16	45	35
TCGA-AA-3833-01A-01W-0900-09	393	0	215	0
TCGA-AA-3841-01A-01W-0900-09	0	0	31	44
TCGA-AA-3842-01A-01W-0995-10	0	0	28	73
TCGA-AA-3844-01A-01W-0995-10	18	0	0	110
TCGA-AA-3845-01A-01D-1981-10	562	33	295	78
TCGA-AA-3845-01A-01W-0995-10	529	47	210	100
TCGA-AA-3846-01A-01W-0995-10	7	5	25	60
TCGA-AA-3848-01A-01W-0900-09	0	0	64	94
TCGA-AA-3851-01A-01W-0995-10	0	0	45	47
TCGA-AA-3855-01A-01W-0995-10	10	2	51	82
TCGA-AA-3856-01A-01W-0900-09	0	0	28	34
TCGA-AA-3858-01A-01W-0900-09	0	0	34	28
TCGA-AA-3860-01A-02W-0900-09	0	0	6	47
TCGA-AA-3861-01A-01W-0995-10	0	0	64	57
TCGA-AA-3862-01A-01W-0995-10	21	5	17	53
TCGA-AA-3864-01A-01D-1981-10	1274	0	1605	0
TCGA-AA-3866-01A-01W-0995-10	8	2	55	57
TCGA-AA-3867-01A-01W-0995-10	0	0	29	69
TCGA-AA-3869-01A-01W-0995-10	7	9	30	33
TCGA-AA-3870-01A-01W-0995-10	18	5	51	52
TCGA-AA-3875-01A-01W-0900-09	1	9	50	69
TCGA-AA-3930-01A-01W-0995-10	28	17	12	150
TCGA-AA-3939-01A-01W-0995-10	0	0	42	77
TCGA-AA-3941-01A-01W-0995-10	7	4	48	52
TCGA-AA-3952-01A-01W-0995-10	8	2	15	67
TCGA-AA-3955-01A-02W-0995-10	8	2	6	117
TCGA-AA-3956-01A-02W-0995-10	10	6	36	80
TCGA-AA-3967-01A-01W-1073-09	18	1	35	102
TCGA-AA-3968-01A-01W-0995-10	0	10	39	78
TCGA-AA-3971-01A-01W-0995-10	3	1	16	68
TCGA-AA-3972-01A-01W-0995-10	3	7	23	61
TCGA-AA-3977-01A-01D-1981-10	0	4644	0	0
TCGA-AA-3977-01A-01W-0995-10	101	3717	26	61
TCGA-AA-3979-01A-01W-0995-10	31	9	34	76
TCGA-AA-3980-01A-02W-0995-10	4	10	37	52
TCGA-AA-3982-01A-02W-0995-10	10	12	42	61
TCGA-AA-3984-01A-02D-1981-10	0	4853	799	0
TCGA-AA-3984-01A-02W-0995-10	0	4275	639	0
TCGA-AA-3986-01A-02W-0995-10	3	5	44	40
TCGA-AA-3989-01A-01W-0995-10	30	3	41	41
TCGA-AA-A004-01A-01W-A00E-09	13	0	25	31
TCGA-AA-A00O-01A-02W-A00E-09	16	2	14	55
TCGA-AA-A00Z-01A-01D-A17O-10	0	0	5	6
TCGA-AA-A010-01A-01D-A17O-10	1782	7031	0	0
TCGA-AA-A010-01A-01W-A00E-09	1217	6678	0	0
TCGA-AA-A017-01A-01W-A00E-09	0	0	17	34
TCGA-AA-A01C-01A-01W-A00E-09	0	0	18	59
TCGA-AA-A01I-01A-02W-A00E-09	12	9	41	49
TCGA-AA-A01K-01A-01W-A00E-09	30	0	0	109
TCGA-AA-A01P-01A-21D-A17O-10	479	18	308	35
TCGA-AA-A01P-01A-21W-A096-10	262	27	143	125
TCGA-AA-A01S-01A-21W-A096-10	11	1	23	28
TCGA-AA-A01T-01A-21W-A096-10	7	3	15	71
TCGA-AA-A01V-01A-23W-A096-10	16	14	49	45
TCGA-AA-A01X-01A-21W-A096-10	0	0	30	43
TCGA-AA-A01Z-01A-11W-A096-10	1	3	43	48
TCGA-AA-A022-01A-21D-A17O-10	775	0	703	0
TCGA-AA-A022-01A-21W-A096-10	674	21	555	11
TCGA-AA-A024-01A-02W-A00E-09	8	2	33	36
TCGA-AA-A029-01A-01W-A00E-09	0	10	25	50
TCGA-AA-A02E-01A-01W-A00E-09	22	7	12	121
TCGA-AA-A02H-01A-01W-A00E-09	9	13	18	33
TCGA-AA-A02J-01A-01W-A00E-09	10	25	14	78
TCGA-AA-A02K-01A-21W-A096-10	30	5	34	70
TCGA-AA-A02O-01A-21W-A096-10	0	0	69	96
TCGA-AA-A02R-01A-01W-A00E-09	690	21	182	171
TCGA-AA-A02W-01A-01W-A00E-09	18	0	35	42
TCGA-AA-A02Y-01A-43W-A096-10	0	20	33	59
TCGA-AA-A03J-01A-21W-A096-10	0	11	30	60
TCGA-AD-6548-01A-11D-1835-10	0	0	41	88
TCGA-AD-6888-01A-11D-1924-10	11	4	71	19
TCGA-AD-6889-01A-11D-1924-10	1153	8	382	95
TCGA-AD-6890-01A-11D-1924-10	0	0	65	46
TCGA-AD-6895-01A-11D-1924-10	923	49	452	312
TCGA-AD-6901-01A-11D-1924-10	42	28	57	143
TCGA-AD-6963-01A-11D-1924-10	15	0	23	37
TCGA-AD-6964-01A-11D-1924-10	1360	0	0	263
TCGA-AD-6965-01A-11D-1924-10	21	7	57	48
TCGA-AD-A5EJ-01A-11D-A28G-10	1022	29	284	103
TCGA-AD-A5EK-01A-11D-A28G-10	18	0	29	57
TCGA-AM-5820-01A-01D-1650-10	5	5	32	24
TCGA-AU-3779-01A-01D-1719-10	9	8	47	50
TCGA-AU-6004-01A-11D-1719-10	463	15	400	16
TCGA-AY-4071-01A-01W-1073-09	8	10	15	88
TCGA-AY-5543-01A-01D-1650-10	14	12	42	51
TCGA-AY-6197-01A-11D-1719-10	848	39	70	115
TCGA-AY-6386-01A-21D-1719-10	0	0	56	56
TCGA-AY-A54L-01A-11D-A28G-10	37	12	31	68
TCGA-AY-A69D-01A-11D-A36X-10	1	27	79	100
TCGA-AY-A71X-01A-12D-A36X-10	3	8	56	19
TCGA-AY-A8YK-01A-11D-A40P-10	27	3	33	16
TCGA-AZ-4308-01A-01D-1408-10	6	9	11	42
TCGA-AZ-4313-01A-01D-1408-10	0	0	1178	0
TCGA-AZ-4315-01A-01D-1408-10	0	6067	1145	0
TCGA-AZ-4614-01A-01D-1408-10	26	1	29	135
TCGA-AZ-4615-01A-01D-1408-10	571	14	288	101
TCGA-AZ-4681-01A-01D-1408-10	0	0	28	51
TCGA-AZ-5403-01A-01D-1650-10	11	14	16	36
TCGA-AZ-5407-01A-01D-1719-10	8	3	46	45
TCGA-AZ-6598-01A-11D-1771-10	1507	0	668	0
TCGA-AZ-6599-01A-11D-1771-10	0	29	0	234
TCGA-AZ-6600-01A-11D-1771-10	8	13	41	80
TCGA-AZ-6601-01A-11D-1771-10	1127	0	1255	0
TCGA-AZ-6603-01A-11D-1835-10	0	10	30	35
TCGA-AZ-6605-01A-11D-1835-10	18	13	23	50
TCGA-AZ-6606-01A-11D-1835-10	0	0	46	95
TCGA-AZ-6608-01A-11D-1835-10	32	4	18	96
TCGA-CA-5254-01A-21D-1835-10	30	0	76	97
TCGA-CA-5255-01A-11D-1835-10	8	6	9	21
TCGA-CA-5256-01A-01D-1408-10	7	2	43	28
TCGA-CA-5797-01A-01D-1650-10	13	0	0	53
TCGA-CA-6715-01A-21D-1835-10	7	12	26	38
TCGA-CA-6718-01A-11D-1835-10	0	3917	0	0
TCGA-CA-6719-01A-11D-1835-10	6	13	60	35
TCGA-CK-4948-01B-11D-1650-10	0	0	50	58
TCGA-CK-5912-01A-11D-1650-10	9	2	26	20
TCGA-CK-5913-01A-11D-1650-10	442	0	343	0
TCGA-CK-5914-01A-11D-1650-10	19	10	61	52
TCGA-CK-5915-01A-11D-1650-10	0	0	46	42
TCGA-CK-5916-01A-11D-1650-10	824	0	561	0
TCGA-CK-6746-01A-11D-1835-10	826	26	250	22
TCGA-CK-6747-01A-11D-1835-10	0	8	82	36
TCGA-CM-4743-01A-01D-1719-10	633	0	325	156
TCGA-CM-4744-01A-01D-1408-10	0	9	60	80
TCGA-CM-4746-01A-01D-1408-10	282	0	440	0
TCGA-CM-4747-01A-01D-1408-10	0	0	65	35
TCGA-CM-4751-01A-02D-1835-10	24	0	70	0
TCGA-CM-4752-01A-01D-1408-10	0	10	64	57
TCGA-CM-5341-01A-01D-1408-10	0	0	63	98
TCGA-CM-5348-01A-21D-1719-10	3	22	66	96
TCGA-CM-5349-01A-21D-1719-10	0	9	60	35
TCGA-CM-5860-01A-01D-1650-10	0	8	44	65
TCGA-CM-5861-01A-01D-1650-10	1160	35	182	35
TCGA-CM-5862-01A-01D-1650-10	0	0	49	42
TCGA-CM-5864-01A-01D-1650-10	53	19	23	112
TCGA-CM-5868-01A-01D-1650-10	24	8	27	41
TCGA-CM-6161-01A-11D-1650-10	0	0	30	69
TCGA-CM-6163-01A-11D-1650-10	0	0	40	66
TCGA-CM-6164-01A-11D-1650-10	9	11	21	35
TCGA-CM-6165-01A-11D-1650-10	32	3	20	54
TCGA-CM-6166-01A-11D-1650-10	23	9	36	16
TCGA-CM-6167-01A-11D-1650-10	2	1	36	40
TCGA-CM-6168-01A-11D-1650-10	68	6	42	104
TCGA-CM-6169-01A-11D-1650-10	16	1	47	48
TCGA-CM-6170-01A-11D-1650-10	0	0	36	62
TCGA-CM-6171-01A-11D-1650-10	511	0	480	180
TCGA-CM-6172-01A-11D-1650-10	1	12	42	51
TCGA-CM-6674-01A-11D-1835-10	401	0	428	0
TCGA-CM-6675-01A-11D-1835-10	0	0	28	50
TCGA-CM-6676-01A-11D-1835-10	9	11	59	25
TCGA-CM-6677-01A-11D-1835-10	16	13	80	33
TCGA-CM-6678-01A-11D-1835-10	0	0	70	74
TCGA-CM-6679-01A-11D-1835-10	29	0	38	0
TCGA-CM-6680-01A-11D-1835-10	0	7	43	40
TCGA-D5-5537-01A-21D-1924-10	17	10	39	38
TCGA-D5-5538-01A-01D-1650-10	14	5	23	74
TCGA-D5-5540-01A-01D-1650-10	0	0	61	58
TCGA-D5-5541-01A-01D-1650-10	0	0	29	35
TCGA-D5-6529-01A-11D-1771-10	11	12	54	36
TCGA-D5-6530-01A-11D-1719-10	571	0	419	0
TCGA-D5-6531-01A-11D-1719-10	1	14	85	90
TCGA-D5-6532-01A-11D-1719-10	4	14	40	66
TCGA-D5-6533-01A-11D-1719-10	11	21	31	114
TCGA-D5-6535-01A-11D-1719-10	17	17	24	118
TCGA-D5-6536-01A-11D-1719-10	24	0	40	33
TCGA-D5-6537-01A-11D-1719-10	0	15	39	58
TCGA-D5-6538-01A-11D-1719-10	25	2	84	36
TCGA-D5-6539-01A-11D-1719-10	13	10	23	53
TCGA-D5-6541-01A-11D-1719-10	0	0	58	38
TCGA-D5-6898-01A-11D-1924-10	4	5	38	35
TCGA-D5-6920-01A-11D-1924-10	16	1	46	51
TCGA-D5-6922-01A-11D-1924-10	12	3	55	37
TCGA-D5-6924-01A-11D-1924-10	6	6	33	95
TCGA-D5-6926-01A-11D-1924-10	0	0	42	70
TCGA-D5-6927-01A-21D-1924-10	491	13	142	5
TCGA-D5-6931-01A-11D-1924-10	87	29	30	176
TCGA-D5-6932-01A-11D-1924-10	20	12	22	78
TCGA-DM-A0X9-01A-11D-A152-10	14	22	57	98
TCGA-DM-A0XD-01A-12D-A152-10	20	13	60	78
TCGA-DM-A0XF-01A-11D-A152-10	15	15	0	101
TCGA-DM-A1D0-01A-11D-A152-10	5	5	35	79
TCGA-DM-A1D4-01A-21D-A152-10	15	6	99	67
TCGA-DM-A1D8-01A-11D-A152-10	33	14	32	84
TCGA-DM-A1D9-01A-11D-A152-10	12	12	14	96
TCGA-DM-A1DA-01A-11D-A152-10	75	15	36	171
TCGA-DM-A1DB-01A-11D-A152-10	3	4	22	32
TCGA-DM-A1HA-01A-11D-A152-10	0	0	71	79
TCGA-DM-A28C-01A-11D-A16V-10	0	0	44	58
TCGA-DM-A28E-01A-11D-A16V-10	3	11	24	44
TCGA-DM-A28F-01A-11D-A16V-10	57	28	18	145
TCGA-DM-A28G-01A-11D-A16V-10	16	3	47	63
TCGA-DM-A28H-01A-11D-A16V-10	18	9	39	54
TCGA-DM-A28M-01A-12D-A16V-10	6	3	53	31
TCGA-F4-6459-01A-11D-1771-10	5	15	23	84
TCGA-F4-6460-01A-11D-1771-10	24	21	27	84
TCGA-F4-6461-01A-11D-1771-10	41	7	42	59
TCGA-F4-6569-01A-11D-1771-10	0	20	24	77
TCGA-F4-6570-01A-11D-1771-10	995	38	435	139
TCGA-F4-6805-01A-11D-1835-10	0	0	33	38
TCGA-F4-6806-01A-11D-1835-10	5	4	54	45
TCGA-F4-6807-01A-11D-1835-10	40	12	0	121
TCGA-F4-6808-01A-11D-1835-10	4	2	58	74
TCGA-F4-6854-01A-11D-1924-10	18	5	8	88
TCGA-F4-6855-01A-11D-1924-10	10	6	32	61
TCGA-G4-6293-01A-11D-1719-10	14	9	34	65
TCGA-G4-6294-01A-11D-1806-10	49	8	33	70
TCGA-G4-6295-01A-11D-1719-10	24	11	27	89
TCGA-G4-6297-01A-11D-1719-10	0	13	39	37
TCGA-G4-6298-01A-11D-1719-10	0	0	43	34
TCGA-G4-6299-01A-11D-1771-10	39	12	40	72
TCGA-G4-6303-01A-11D-1771-10	0	12	49	45
TCGA-G4-6304-01A-11D-1924-10	559	14	233	68
TCGA-G4-6306-01A-11D-1771-10	30	4	53	37
TCGA-G4-6307-01A-11D-1719-10	11	13	22	32
TCGA-G4-6309-01A-21D-1835-10	264	0	484	0
TCGA-G4-6310-01A-11D-1719-10	7	9	53	41
TCGA-G4-6311-01A-11D-1719-10	20	8	31	93
TCGA-G4-6314-01A-11D-1719-10	14	7	72	58
TCGA-G4-6315-01A-11D-1719-10	14	5	56	77
TCGA-G4-6317-01A-11D-1719-10	0	0	46	61
TCGA-G4-6317-02A-11D-2067-10	30	10	35	56
TCGA-G4-6320-01A-11D-1719-10	388	1	492	178
TCGA-G4-6321-01A-11D-1719-10	0	0	25	38
TCGA-G4-6323-01A-11D-1719-10	25	0	34	28
TCGA-G4-6586-01A-11D-1771-10	597	0	495	0
TCGA-G4-6588-01A-11D-1771-10	1595	8	368	52
TCGA-G4-6625-01A-21D-1771-10	0	0	33	79
TCGA-G4-6626-01A-11D-1771-10	0	0	74	66
TCGA-G4-6627-01A-11D-2188-10	4	2	35	48
TCGA-G4-6628-01A-11D-1835-10	1474	0	469	0
TCGA-NH-A50T-01A-11D-A28G-10	0	17	76	55
TCGA-NH-A50V-01A-11D-A28G-10	25	4	77	64
TCGA-NH-A6GA-01A-11D-A36X-10	0	6	28	57
TCGA-NH-A6GB-01A-11D-A36X-10	17	6	55	88
TCGA-NH-A8F7-06A-31D-A40P-10	0	13	53	44
TCGA-NH-A8F8-01A-72D-A40P-10	0	0	46	59
TCGA-QG-A5YV-01A-11D-A28G-10	23	10	69	69
TCGA-QG-A5YW-01A-11D-A28G-10	27	14	43	78
TCGA-QG-A5YX-01A-11D-A28G-10	0	0	56	40
TCGA-QG-A5Z2-01A-11D-A28G-10	606	4	354	75
TCGA-QL-A97D-01A-12D-A40P-10	54	27	61	92
TCGA-SS-A7HO-01A-21D-A36X-10	25	0	47	100
TCGA-T9-A92H-01A-11D-A36X-10	44	5	34	103
