Samples	SBS96A	SBS96B	SBS96C
TCGA-05-4244-01A-01D-1105-08	3.50E+00	1.25E+00	3.49E+00
TCGA-05-4250-01A-01D-1105-08	5.74E+00	3.29E+00	5.12E+00
TCGA-05-4382-01A-01D-1931-08	7.77E+00	5.21E+00	5.41E+00
TCGA-05-4384-01A-01D-1753-08	1.98E+00	1.12E+00	1.94E+00
TCGA-05-4389-01A-01D-1265-08	3.52E+00	2.65E+00	3.24E+00
TCGA-05-4390-01A-02D-1753-08	3.26E+00	2.13E+00	4.52E+00
TCGA-05-4395-01A-01D-1265-08	4.63E+00	2.64E+00	3.47E+00
TCGA-05-4396-01A-21D-1855-08	3.05E+00	2.21E+00	2.81E+00
TCGA-05-4397-01A-01D-1265-08	8.82E+00	5.73E+00	7.29E+00
TCGA-05-4398-01A-01D-1265-08	5.45E+00	4.64E+00	5.27E+00
TCGA-05-4402-01A-01D-1265-08	1.28E+00	2.59E+00	2.85E+00
TCGA-05-4403-01A-01D-1265-08	2.30E+00	1.65E+00	2.96E+00
TCGA-05-4405-01A-21D-1855-08	2.78E+00	2.49E+00	3.90E+00
TCGA-05-4410-01A-21D-1855-08	5.80E+00	4.91E+00	6.68E+00
TCGA-05-4415-01A-22D-1855-08	2.33E+00	1.51E+00	1.97E+00
TCGA-05-4417-01A-22D-1855-08	4.80E+00	1.45E+00	4.63E+00
TCGA-05-4418-01A-01D-1265-08	6.36E+00	1.74E+00	5.41E+00
TCGA-05-4420-01A-01D-1265-08	3.73E+00	3.33E+00	4.45E+00
TCGA-05-4422-01A-01D-1265-08	1.27E+00	1.27E+00	1.37E+00
TCGA-05-4424-01A-22D-1855-08	6.73E+00	5.01E+00	5.38E+00
TCGA-05-4425-01A-01D-1753-08	6.50E-01	7.67E-01	1.29E+00
TCGA-05-4426-01A-01D-1265-08	1.14E+00	7.86E-01	1.19E+00
TCGA-05-4427-01A-21D-1855-08	8.62E+00	5.11E+00	8.29E+00
TCGA-05-4430-01A-02D-1265-08	3.44E+00	2.57E+00	3.83E+00
TCGA-05-4432-01A-01D-1265-08	6.27E+00	2.82E+00	5.49E+00
TCGA-05-4433-01A-22D-1855-08	1.17E+00	5.39E-01	1.11E+00
TCGA-05-4434-01A-01D-1265-08	1.06E+00	1.04E+00	1.26E+00
TCGA-05-5420-01A-01D-1625-08	2.88E+00	8.30E-01	2.52E+00
TCGA-05-5423-01A-01D-1625-08	2.00E+00	1.35E+00	2.20E+00
TCGA-05-5425-01A-02D-1625-08	4.19E+00	3.35E+00	2.98E+00
TCGA-05-5428-01A-01D-1625-08	4.26E+00	3.99E+00	4.34E+00
TCGA-05-5429-01A-01D-1625-08	7.95E-01	9.55E-01	1.43E+00
TCGA-05-5715-01A-01D-1625-08	1.55E+00	1.96E+00	2.05E+00
TCGA-17-Z000-01A-01W-0746-08	1.79E+00	1.69E+00	2.02E+00
TCGA-17-Z001-01A-01W-0746-08	3.88E+00	1.38E+00	3.24E+00
TCGA-17-Z002-01A-01W-0746-08	0.00E+00	4.73E-01	4.73E-01
TCGA-17-Z003-01A-01W-0746-08	2.72E+00	1.56E+00	3.61E+00
TCGA-17-Z004-01A-01W-0746-08	7.18E-01	5.82E-01	8.36E-01
TCGA-17-Z007-01A-01W-0746-08	1.80E+00	6.16E-01	2.15E+00
TCGA-17-Z009-01A-01W-0746-08	9.57E-01	0.00E+00	9.57E-01
TCGA-17-Z011-01A-01W-0746-08	2.74E+00	1.95E+00	2.40E+00
TCGA-17-Z013-01A-01W-0746-08	2.24E+00	6.67E-01	2.27E+00
TCGA-17-Z015-01A-01W-0746-08	5.06E+00	1.47E+00	4.51E+00
TCGA-17-Z017-01A-01W-0746-08	1.82E+00	1.91E+00	2.52E+00
TCGA-17-Z018-01A-01W-0746-08	2.38E+00	1.88E+00	2.74E+00
TCGA-17-Z019-01A-01W-0746-08	1.33E-01	0.00E+00	1.33E-01
TCGA-17-Z020-01A-01W-0746-08	2.56E+00	1.96E+00	2.58E+00
TCGA-17-Z021-01A-01W-0746-08	2.67E+00	8.33E-01	2.52E+00
TCGA-17-Z022-01A-01W-0746-08	1.05E+01	5.13E+00	1.07E+01
TCGA-17-Z023-01A-01W-0746-08	3.96E+00	2.54E+00	3.30E+00
TCGA-17-Z025-01A-01W-0746-08	4.81E+00	1.40E+00	5.24E+00
TCGA-17-Z026-01A-01W-0746-08	6.37E+00	6.70E+00	8.00E-01
TCGA-17-Z027-01A-01W-0746-08	2.66E+00	1.38E+00	3.48E+00
TCGA-17-Z028-01A-01W-0746-08	5.14E+00	3.01E+00	5.12E+00
TCGA-17-Z030-01A-01W-0746-08	3.79E+00	2.17E+00	2.67E+00
TCGA-17-Z031-01A-01W-0746-08	9.27E+00	3.88E+00	1.07E+01
TCGA-17-Z032-01A-01W-0746-08	2.15E+00	1.69E+00	1.85E+00
TCGA-17-Z033-01A-01W-0746-08	3.85E+00	1.99E+00	3.28E+00
TCGA-17-Z036-01A-01W-0746-08	1.86E+00	1.07E+00	2.38E+00
TCGA-17-Z037-01A-01W-0746-08	2.16E+00	1.42E+00	2.48E+00
TCGA-17-Z041-01A-01W-0746-08	2.00E+00	2.09E+00	1.20E+00
TCGA-17-Z042-01A-01W-0746-08	3.46E+00	2.50E+00	3.40E+00
TCGA-17-Z043-01A-01W-0746-08	4.72E+00	2.41E+00	4.08E+00
TCGA-17-Z044-01A-01W-0746-08	3.55E+00	1.77E+00	3.96E+00
TCGA-17-Z045-01A-01W-0746-08	3.87E+00	1.55E+00	3.99E+00
TCGA-17-Z047-01A-01W-0747-08	4.67E-01	6.32E-01	8.95E-01
TCGA-17-Z048-01A-01W-0746-08	6.00E-01	1.28E+00	1.37E+00
TCGA-17-Z049-01A-01W-0746-08	7.38E+00	4.72E+00	4.04E+00
TCGA-17-Z050-01A-01W-0747-08	3.74E+00	1.59E+00	3.12E+00
TCGA-17-Z051-01A-01W-0747-08	2.87E+00	1.35E+00	2.00E+00
TCGA-17-Z052-01A-01W-0747-08	1.83E+00	7.02E-01	2.04E+00
TCGA-17-Z053-01A-01W-0747-08	4.20E+00	2.55E+00	4.04E+00
TCGA-17-Z054-01A-01W-0747-08	0.00E+00	4.96E-01	4.96E-01
TCGA-17-Z055-01A-01W-0747-08	3.68E+00	2.13E+00	2.27E+00
TCGA-17-Z056-01A-01W-0747-08	5.65E+00	3.01E+00	6.52E+00
TCGA-17-Z057-01A-01W-0747-08	4.82E+00	5.87E+00	5.02E+00
TCGA-17-Z058-01A-01W-0747-08	1.83E+00	9.83E-01	2.26E+00
TCGA-17-Z059-01A-01W-0747-08	1.94E+00	2.04E+00	2.19E+00
TCGA-17-Z061-01A-01W-0747-08	3.57E+00	1.55E+00	4.26E+00
TCGA-17-Z062-01A-01W-0747-08	5.04E+00	3.10E+00	4.19E+00
TCGA-35-4122-01A-01D-1105-08	7.02E+00	2.12E+00	6.78E+00
TCGA-35-4123-01A-01D-1105-08	3.99E+00	1.72E+00	3.07E+00
TCGA-35-5375-01A-01D-1625-08	3.35E+00	1.77E+00	3.58E+00
TCGA-38-4625-01A-01D-1553-08	4.75E+00	4.02E+00	4.33E+00
TCGA-38-4626-01A-01D-1553-08	2.18E+00	1.54E+00	1.11E+00
TCGA-38-4627-01A-01D-1553-08	3.40E-01	8.85E-01	9.89E-01
TCGA-38-4628-01A-01D-1265-08	2.28E+00	1.63E+00	1.97E+00
TCGA-38-4629-01A-02D-1265-08	4.50E+00	2.94E+00	4.37E+00
TCGA-38-4630-01A-01D-1265-08	1.47E+00	2.88E+00	3.11E+00
TCGA-38-4631-01A-01D-1753-08	4.63E+00	3.10E+00	2.63E+00
TCGA-38-4632-01A-01D-1753-08	3.89E+00	3.59E+00	3.42E+00
TCGA-38-6178-01A-11D-1753-08	1.16E+00	1.26E+00	1.90E+00
TCGA-38-7271-01A-11D-2036-08	2.05E+00	1.96E+00	1.00E-01
TCGA-44-2655-01A-01D-1553-08	2.45E+00	1.94E+00	2.13E+00
TCGA-44-2655-01A-01W-0928-08	2.71E+00	1.45E+00	2.62E+00
TCGA-44-2656-01A-02D-0969-08	6.51E+00	2.08E+00	5.12E+00
TCGA-44-2656-01A-02D-A271-08	4.37E+00	3.32E+00	4.37E+00
TCGA-44-2656-01A-02W-0928-08	3.53E+00	1.74E+00	3.82E+00
TCGA-44-2656-01A-12D-A27T-08	5.76E+00	3.38E+00	4.11E+00
TCGA-44-2656-01A-41D-A27T-08	5.28E+00	2.68E+00	7.39E+00
TCGA-44-2656-01B-06D-A271-08	5.74E+00	3.01E+00	3.91E+00
TCGA-44-2657-01A-01D-1105-08	2.80E+00	3.55E+00	3.24E+00
TCGA-44-2661-01A-01D-1105-08	1.37E+00	9.04E-01	2.02E+00
TCGA-44-2662-01A-01D-0969-08	3.41E+00	2.62E+00	1.93E+00
TCGA-44-2662-01A-01D-A271-08	3.55E+00	3.33E+00	3.30E+00
TCGA-44-2662-01A-01W-0928-08	1.68E+00	2.49E+00	2.04E+00
TCGA-44-2662-01B-02D-A271-08	3.42E+00	3.45E+00	2.05E+00
TCGA-44-2665-01A-01D-1040-01	1.10E+00	1.37E+00	1.76E+00
TCGA-44-2665-01A-01D-A271-08	5.81E-01	9.89E-01	1.16E+00
TCGA-44-2665-01A-01W-0928-08	4.01E-01	1.83E+00	1.98E+00
TCGA-44-2665-01B-06D-A271-08	3.89E-01	1.61E+00	1.76E+00
TCGA-44-2666-01A-01D-1489-08	1.00E+00	9.45E-01	1.69E+00
TCGA-44-2666-01A-01D-A271-08	1.16E+00	1.15E+00	1.09E+00
TCGA-44-2666-01A-01W-0928-08	1.10E+00	1.01E+00	1.72E+00
TCGA-44-2666-01A-21D-A27T-08	9.57E-01	1.21E+00	1.23E+00
TCGA-44-2666-01A-41D-A27T-08	8.00E-01	7.67E-01	7.81E-01
TCGA-44-2666-01B-02D-A271-08	1.10E+00	9.71E-01	9.80E-01
TCGA-44-2668-01A-01D-0969-08	3.35E+00	2.97E+00	4.48E+00
TCGA-44-2668-01A-01D-A271-08	2.77E+00	2.46E+00	4.28E+00
TCGA-44-2668-01A-01W-0928-08	5.29E+00	2.67E+00	5.34E+00
TCGA-44-2668-01B-02D-A271-08	3.22E+00	3.23E+00	2.08E+00
TCGA-44-3396-01A-01D-1553-08	2.74E+00	2.88E+00	2.20E+00
TCGA-44-3398-01A-01D-1105-08	2.69E+00	2.40E+00	1.72E+00
TCGA-44-3917-01A-01D-A271-08	4.00E+00	2.78E+00	3.33E+00
TCGA-44-3917-01B-02D-A271-08	2.50E+00	2.24E+00	2.90E+00
TCGA-44-3918-01B-02D-A271-08	6.60E+00	4.04E+00	5.34E+00
TCGA-44-3919-01A-02D-1105-08	1.27E+00	8.60E-01	1.23E+00
TCGA-44-3919-01A-02D-1458-08	8.00E-01	1.09E+00	1.43E+00
TCGA-44-4112-01A-01D-1105-08	3.53E+00	2.25E+00	2.21E+00
TCGA-44-4112-01A-01D-1458-08	3.66E+00	2.32E+00	3.00E+00
TCGA-44-4112-01A-22D-A27T-08	3.57E+00	3.07E+00	3.54E+00
TCGA-44-4112-01A-31D-A27T-08	5.78E+00	3.14E+00	4.57E+00
TCGA-44-4112-01B-06D-A271-08	3.43E+00	3.13E+00	2.97E+00
TCGA-44-5643-01A-01D-1625-08	2.41E+00	1.15E+00	1.83E+00
TCGA-44-5644-01A-21D-2036-08	6.31E+00	4.05E+00	6.15E+00
TCGA-44-5645-01A-01D-1625-08	0.00E+00	0.00E+00	0.00E+00
TCGA-44-5645-01A-01D-A271-08	4.90E-01	0.00E+00	4.90E-01
TCGA-44-5645-01A-21D-A27T-08	4.01E-01	0.00E+00	4.01E-01
TCGA-44-5645-01A-51D-A27T-08	1.33E-01	0.00E+00	1.33E-01
TCGA-44-5645-01B-04D-A271-08	7.18E-01	0.00E+00	7.18E-01
TCGA-44-6144-01A-11D-1753-08	4.10E+00	2.06E+00	4.60E+00
TCGA-44-6145-01A-11D-1753-08	2.63E+00	1.75E+00	3.64E+00
TCGA-44-6147-01A-11D-1753-08	3.60E+00	1.65E+00	2.41E+00
TCGA-44-6147-01A-11D-A271-08	2.44E+00	2.42E+00	3.04E+00
TCGA-44-6147-01A-21D-A27T-08	3.49E+00	2.86E+00	2.97E+00
TCGA-44-6147-01A-31D-A27T-08	2.07E+00	1.06E+00	2.25E+00
TCGA-44-6147-01B-06D-A271-08	2.61E+00	1.71E+00	1.99E+00
TCGA-44-6774-01A-21D-1855-08	2.55E+00	1.12E+00	2.59E+00
TCGA-44-6775-01A-11D-1855-08	1.67E+00	1.10E+00	1.97E+00
TCGA-44-6775-01A-11D-A271-08	1.48E+00	9.48E-01	1.62E+00
TCGA-44-6775-01A-21D-A27T-08	1.93E+00	1.19E+00	1.89E+00
TCGA-44-6775-01A-31D-A27T-08	2.35E+00	1.28E+00	1.87E+00
TCGA-44-6775-01C-02D-A271-08	1.34E+00	9.45E-01	1.69E+00
TCGA-44-6776-01A-11D-1855-08	3.31E+00	1.84E+00	3.30E+00
TCGA-44-6777-01A-11D-1855-08	5.41E+00	3.70E+00	4.60E+00
TCGA-44-6778-01A-11D-1855-08	3.79E+00	2.87E+00	2.14E+00
TCGA-44-6779-01A-11D-1855-08	2.01E+00	1.28E+00	1.65E+00
TCGA-44-7659-01A-11D-2063-08	3.20E+00	1.58E+00	2.48E+00
TCGA-44-7660-01A-11D-2063-08	3.49E+00	2.07E+00	4.00E+00
TCGA-44-7661-01A-11D-2063-08	2.76E+00	1.76E+00	2.35E+00
TCGA-44-7662-01A-11D-2063-08	3.62E+00	2.40E+00	4.47E+00
TCGA-44-7667-01A-31D-2063-08	5.66E+00	2.63E+00	4.58E+00
TCGA-44-7670-01A-11D-2063-08	7.67E+00	6.02E+00	7.32E+00
TCGA-44-7671-01A-11D-2063-08	1.96E+00	1.57E+00	2.29E+00
TCGA-44-7672-01A-11D-2063-08	3.13E+00	1.52E+00	3.12E+00
TCGA-44-8117-01A-11D-2238-08	6.21E+00	2.75E+00	5.64E+00
TCGA-44-8119-01A-11D-2238-08	4.52E+00	3.02E+00	4.89E+00
TCGA-44-8120-01A-11D-2238-08	5.15E+00	2.38E+00	3.80E+00
TCGA-44-A479-01A-31D-A24D-08	3.42E+00	1.42E+00	2.88E+00
TCGA-44-A47A-01A-21D-A24D-08	3.46E+00	2.78E+00	3.54E+00
TCGA-44-A47G-01A-21D-A24D-08	2.18E+00	1.53E+00	2.67E+00
TCGA-44-A4SS-01A-11D-A24P-08	3.73E+00	2.70E+00	4.94E+00
TCGA-44-A4SU-01A-11D-A24P-08	1.08E+00	9.43E-01	1.19E+00
TCGA-49-4487-01A-21D-1855-08	5.07E+00	3.14E+00	2.40E+00
TCGA-49-4488-01A-01D-1753-08	3.17E+00	2.50E+00	4.02E+00
TCGA-49-4490-01A-21D-1855-08	0.00E+00	9.67E-01	9.67E-01
TCGA-49-4494-01A-01D-1265-08	3.49E+00	1.54E+00	2.36E+00
TCGA-49-4501-01A-01D-1265-08	8.06E-01	1.05E+00	1.21E+00
TCGA-49-4505-01A-01D-1931-08	2.60E+00	2.47E+00	1.75E+00
TCGA-49-4506-01A-01D-1265-08	2.56E+00	9.71E-01	2.55E+00
TCGA-49-4510-01A-01D-1265-08	1.61E+00	1.02E+00	1.43E+00
TCGA-49-4512-01A-21D-1855-08	1.62E+00	1.16E+00	1.55E+00
TCGA-49-4514-01A-21D-1855-08	4.13E+00	3.90E+00	3.67E+00
TCGA-49-6743-01A-11D-1855-08	9.17E+00	6.37E+00	7.32E+00
TCGA-49-6744-01A-11D-1855-08	1.83E+00	2.48E+00	2.19E+00
TCGA-49-6745-01A-11D-1855-08	1.02E+00	1.85E+00	1.88E+00
TCGA-49-6761-01A-31D-1945-08	2.39E+00	3.01E+00	2.48E+00
TCGA-49-AAQV-01A-11D-A397-08	1.53E+00	1.45E+00	1.75E+00
TCGA-49-AAR0-01A-21D-A397-08	1.76E+00	1.97E+00	2.66E+00
TCGA-49-AAR3-01A-11D-A410-08	2.13E+00	1.36E+00	2.38E+00
TCGA-49-AAR4-01A-12D-A410-08	5.26E+00	4.38E+00	4.43E+00
TCGA-49-AAR9-01A-21D-A410-08	6.93E+00	2.85E+00	5.81E+00
TCGA-49-AARE-01A-11D-A410-08	1.05E+01	5.04E+00	9.26E+00
TCGA-49-AARN-01A-21D-A410-08	6.69E+00	4.63E+00	9.68E+00
TCGA-49-AARO-01A-12D-A410-08	2.29E+00	2.65E+00	1.89E+00
TCGA-49-AARQ-01A-11D-A410-08	7.01E+00	3.96E+00	5.87E+00
TCGA-49-AARR-01A-11D-A410-08	0.00E+00	0.00E+00	0.00E+00
TCGA-4B-A93V-01A-11D-A397-08	1.85E+00	1.47E+00	2.01E+00
TCGA-50-5044-01A-21D-1855-08	1.07E+00	2.15E+00	2.18E+00
TCGA-50-5045-01A-01D-1625-08	3.14E+00	1.68E+00	2.23E+00
TCGA-50-5051-01A-21D-1855-08	2.57E+00	1.36E+00	2.00E+00
TCGA-50-5055-01A-01D-1625-08	2.00E-01	4.27E-01	4.33E-01
TCGA-50-5066-01A-01D-1625-08	3.43E+00	1.53E+00	3.13E+00
TCGA-50-5066-02A-11D-2107-08	3.78E+00	1.54E+00	4.31E+00
TCGA-50-5068-01A-01D-1625-08	1.89E+00	1.61E+00	1.81E+00
TCGA-50-5072-01A-21D-1855-08	1.60E+00	1.65E+00	1.28E+00
TCGA-50-5930-01A-11D-1753-08	5.69E+00	3.51E+00	7.06E+00
TCGA-50-5931-01A-11D-1753-08	3.64E+00	1.43E+00	3.27E+00
TCGA-50-5932-01A-11D-1753-08	2.01E+00	1.22E+00	1.42E+00
TCGA-50-5935-01A-11D-1753-08	1.04E+00	1.45E+00	1.68E+00
TCGA-50-5939-01A-11D-1625-08	1.28E+00	9.83E-01	1.69E+00
TCGA-50-5941-01A-11D-1753-08	2.69E+00	2.21E+00	3.53E+00
TCGA-50-5942-01A-21D-1753-08	1.67E+00	4.48E-01	1.63E+00
TCGA-50-5946-01A-11D-1753-08	5.84E+00	5.37E+00	4.68E+00
TCGA-50-5946-02A-11D-2107-08	3.52E+00	4.56E+00	4.97E+00
TCGA-50-6590-01A-12D-1855-08	8.15E+00	3.59E+00	6.85E+00
TCGA-50-6591-01A-11D-1753-08	1.69E+00	9.57E-01	2.05E+00
TCGA-50-6592-01A-11D-1753-08	4.42E+00	2.66E+00	3.28E+00
TCGA-50-6593-01A-11D-1753-08	3.33E+00	2.23E+00	4.04E+00
TCGA-50-6594-01A-11D-1753-08	5.64E+00	4.03E+00	3.76E+00
TCGA-50-6595-01A-12D-1855-08	1.75E+00	1.75E+00	1.88E+00
TCGA-50-6597-01A-11D-1855-08	1.20E+00	1.93E+00	1.44E+00
TCGA-50-6673-01A-11D-1945-08	1.06E+00	7.42E-01	1.09E+00
TCGA-50-7109-01A-11D-2036-08	2.92E+00	8.84E-01	3.08E+00
TCGA-50-8457-01A-11D-2323-08	1.66E+00	1.00E+00	1.80E+00
TCGA-50-8460-01A-11D-2323-08	8.06E-01	9.12E-01	7.63E-01
TCGA-53-7624-01A-11D-2063-08	5.98E+00	3.72E+00	5.72E+00
TCGA-53-7626-01A-12D-2063-08	3.58E+00	1.30E+00	2.87E+00
TCGA-53-7813-01A-11D-2167-08	2.22E+00	1.39E+00	1.54E+00
TCGA-55-1592-01A-01D-0969-08	7.73E+00	3.17E+00	7.39E+00
TCGA-55-1592-01A-01W-0928-08	4.80E+00	3.60E+00	5.92E+00
TCGA-55-1594-01A-01D-1040-01	1.14E+00	2.39E+00	2.99E+00
TCGA-55-1594-01A-01W-0928-08	1.66E+00	1.74E+00	2.79E+00
TCGA-55-1595-01A-01D-0969-08	2.97E+00	9.57E-01	2.62E+00
TCGA-55-1596-01A-01D-1040-01	2.04E+00	1.48E+00	1.54E+00
TCGA-55-1596-01A-01W-0928-08	3.85E+00	2.11E+00	3.51E+00
TCGA-55-5899-01A-11D-1625-08	4.25E+00	2.32E+00	4.01E+00
TCGA-55-6543-01A-11D-1753-08	6.36E-01	4.99E-01	9.20E-01
TCGA-55-6642-01A-11D-1855-08	2.28E+00	1.50E+00	3.27E+00
TCGA-55-6712-01A-11D-1855-08	2.61E+00	2.33E+00	2.96E+00
TCGA-55-6968-01A-11D-1945-08	3.41E+00	3.38E+00	2.12E+00
TCGA-55-6969-01A-11D-1945-08	4.45E+00	2.88E+00	4.05E+00
TCGA-55-6971-01A-11D-1945-08	2.42E+00	1.15E+00	2.09E+00
TCGA-55-6972-01A-11D-1945-08	3.17E+00	4.08E+00	1.97E+00
TCGA-55-6975-01A-11D-1945-08	2.08E+00	1.79E+00	2.58E+00
TCGA-55-6978-01A-11D-1945-08	0.00E+00	0.00E+00	0.00E+00
TCGA-55-6979-01A-11D-1945-08	2.11E+00	1.84E+00	1.48E+00
TCGA-55-6980-01A-11D-1945-08	0.00E+00	4.27E-01	4.27E-01
TCGA-55-6981-01A-11D-1945-08	9.83E-01	1.08E+00	1.15E+00
TCGA-55-6982-01A-11D-1945-08	2.15E+00	3.70E+00	2.93E+00
TCGA-55-6984-01A-11D-1945-08	7.48E-01	0.00E+00	7.48E-01
TCGA-55-6985-01A-11D-1945-08	3.11E+00	1.80E+00	2.27E+00
TCGA-55-6986-01A-11D-1945-08	2.13E-01	4.73E-01	6.00E-01
TCGA-55-6987-01A-11D-1945-08	2.73E+00	2.10E+00	1.59E+00
TCGA-55-7281-01A-11D-2036-08	3.97E+00	2.78E+00	4.22E+00
TCGA-55-7283-01A-11D-2036-08	4.36E+00	2.47E+00	3.03E+00
TCGA-55-7284-01B-11D-2238-08	1.24E+00	7.72E-01	1.32E+00
TCGA-55-7570-01A-11D-2036-08	8.25E+00	3.09E+00	7.17E+00
TCGA-55-7573-01A-11D-2036-08	1.82E+00	1.23E+00	1.33E+00
TCGA-55-7574-01A-11D-2036-08	2.93E+00	3.36E+00	2.89E+00
TCGA-55-7576-01A-11D-2063-08	3.25E+00	2.09E+00	3.38E+00
TCGA-55-7724-01A-11D-2167-08	1.90E+00	2.13E+00	3.19E+00
TCGA-55-7725-01A-11D-2167-08	2.24E+00	1.12E+00	2.61E+00
TCGA-55-7726-01A-11D-2167-08	1.96E+00	2.02E+00	2.84E+00
TCGA-55-7727-01A-11D-2167-08	5.57E+00	3.19E+00	3.86E+00
TCGA-55-7903-01A-11D-2167-08	3.38E+00	1.69E+00	3.00E+00
TCGA-55-7907-01A-11D-2167-08	3.82E+00	5.55E+00	5.90E+00
TCGA-55-7910-01A-11D-2167-08	4.14E+00	2.37E+00	3.40E+00
TCGA-55-7911-01A-11D-2167-08	2.20E+00	1.61E+00	1.00E+00
TCGA-55-7913-01B-11D-2238-08	2.88E+00	2.39E+00	4.41E+00
TCGA-55-7914-01A-11D-2167-08	3.52E+00	3.32E+00	3.11E+00
TCGA-55-7994-01A-11D-2184-08	1.00E+01	4.22E+00	1.01E+01
TCGA-55-7995-01A-11D-2184-08	6.41E+00	4.48E+00	3.43E+00
TCGA-55-8085-01A-11D-2238-08	1.94E+00	3.50E+00	3.59E+00
TCGA-55-8087-01A-11D-2238-08	5.86E-01	1.02E+00	1.08E+00
TCGA-55-8089-01A-11D-2238-08	9.79E+00	8.09E+00	4.96E+00
TCGA-55-8090-01A-11D-2238-08	3.07E+00	8.49E-01	2.64E+00
TCGA-55-8091-01A-11D-2238-08	0.00E+00	3.94E-01	3.94E-01
TCGA-55-8092-01A-11D-2238-08	8.73E+00	5.67E+00	6.04E+00
TCGA-55-8094-01A-11D-2238-08	4.70E+00	2.64E+00	3.48E+00
TCGA-55-8096-01A-11D-2238-08	2.59E+00	1.45E+00	2.31E+00
TCGA-55-8097-01A-11D-2238-08	1.83E+00	1.28E+00	2.31E+00
TCGA-55-8203-01A-11D-2238-08	2.94E+00	1.21E+00	3.22E+00
TCGA-55-8204-01A-11D-2238-08	2.68E+00	2.90E+00	2.84E+00
TCGA-55-8206-01A-11D-2238-08	1.13E+00	7.77E-01	1.33E+00
TCGA-55-8208-01A-11D-2238-08	3.39E+00	3.02E+00	3.62E+00
TCGA-55-8299-01A-11D-2284-08	3.61E+00	2.17E+00	3.59E+00
TCGA-55-8301-01A-11D-2284-08	2.93E+00	2.19E+00	2.14E+00
TCGA-55-8506-01A-11D-2393-08	1.28E+01	4.09E+00	1.36E+01
TCGA-55-8507-01A-11D-2393-08	6.10E+00	3.11E+00	6.56E+00
TCGA-55-8510-01A-11D-2393-08	3.44E+00	2.85E+00	2.49E+00
TCGA-55-8511-01A-11D-2393-08	5.09E+00	3.57E+00	5.49E+00
TCGA-55-8512-01A-11D-2393-08	1.04E+00	7.33E-01	1.12E+00
TCGA-55-8514-01A-11D-2393-08	3.48E+00	1.14E+00	3.71E+00
TCGA-55-8614-01A-11D-2393-08	3.94E+00	2.82E+00	4.32E+00
TCGA-55-8615-01A-11D-2393-08	4.49E+00	1.25E+00	4.44E+00
TCGA-55-8616-01A-11D-2393-08	4.37E+00	2.50E+00	3.16E+00
TCGA-55-8620-01A-11D-2393-08	6.90E+00	2.81E+00	7.61E+00
TCGA-55-8621-01A-11D-2393-08	1.71E+00	1.07E+00	1.29E+00
TCGA-55-A48X-01A-11D-A24D-08	4.01E+00	1.91E+00	4.25E+00
TCGA-55-A48Y-01A-11D-A24D-08	2.30E+00	3.29E+00	2.67E+00
TCGA-55-A48Z-01A-12D-A24P-08	1.50E+00	8.97E-01	1.48E+00
TCGA-55-A490-01A-11D-A24D-08	8.81E+00	5.27E+00	8.79E+00
TCGA-55-A491-01A-11D-A24D-08	6.86E+00	2.19E+00	5.23E+00
TCGA-55-A492-01A-11D-A24D-08	3.54E+00	1.15E+00	3.48E+00
TCGA-55-A493-01A-11D-A24D-08	2.91E+00	3.81E+00	2.52E+00
TCGA-55-A494-01A-11D-A24P-08	4.11E+00	2.28E+00	4.39E+00
TCGA-55-A4DF-01A-11D-A24D-08	5.51E+00	4.80E+00	5.48E+00
TCGA-55-A4DG-01A-11D-A24D-08	5.53E+00	2.42E+00	6.67E+00
TCGA-55-A57B-01A-12D-A397-08	1.21E+00	1.04E+00	1.76E+00
TCGA-62-8394-01A-11D-2323-08	2.07E+00	2.55E+00	2.94E+00
TCGA-62-8395-01A-11D-2323-08	8.36E-01	1.47E+00	1.69E+00
TCGA-62-8397-01A-11D-2323-08	1.01E+00	5.47E-01	1.03E+00
TCGA-62-8398-01A-11D-2323-08	2.55E+00	8.33E-01	3.00E+00
TCGA-62-8399-01A-21D-2323-08	3.62E+00	4.95E+00	6.10E+00
TCGA-62-8402-01A-11D-2323-08	8.69E-01	1.00E+00	1.16E+00
TCGA-62-A46O-01A-11D-A24D-08	7.23E+00	5.14E+00	5.03E+00
TCGA-62-A46P-01A-11D-A24D-08	2.77E+00	2.19E+00	2.05E+00
TCGA-62-A46R-01A-11D-A24D-08	2.58E+00	2.45E+00	2.34E+00
TCGA-62-A46S-01A-11D-A24D-08	2.35E+00	1.77E+00	3.08E+00
TCGA-62-A46U-01A-11D-A24D-08	1.30E+00	1.12E+00	1.43E+00
TCGA-62-A46V-01A-11D-A24D-08	1.55E+00	7.49E-01	1.78E+00
TCGA-62-A46Y-01A-11D-A24D-08	8.72E-01	5.04E-01	1.16E+00
TCGA-62-A471-01A-12D-A24D-08	9.87E-01	2.49E+00	1.96E+00
TCGA-62-A472-01A-11D-A24D-08	1.20E+00	5.54E-01	1.19E+00
TCGA-64-1676-01A-01D-0969-08	3.87E+00	2.44E+00	4.66E+00
TCGA-64-1676-01A-01W-0928-08	4.96E+00	2.17E+00	4.85E+00
TCGA-64-1677-01A-01W-0928-08	2.77E+00	1.99E+00	2.28E+00
TCGA-64-1678-01A-01W-0928-08	2.44E+00	2.71E+00	2.26E+00
TCGA-64-1679-01A-21D-2063-08	4.52E+00	2.94E+00	4.03E+00
TCGA-64-1680-01A-02D-0969-08	9.10E-01	9.78E-01	1.63E+00
TCGA-64-1680-01A-02W-0928-08	1.28E+00	1.77E+00	1.45E+00
TCGA-64-1681-01A-11D-2063-08	1.50E+00	1.83E+00	2.10E+00
TCGA-64-5774-01A-01D-1625-08	1.85E+00	1.37E+00	2.55E+00
TCGA-64-5775-01A-01D-1625-08	2.37E+00	2.56E+00	3.42E+00
TCGA-64-5778-01A-01D-1625-08	5.03E+00	2.87E+00	4.16E+00
TCGA-64-5781-01A-01D-1625-08	8.88E+00	3.58E+00	7.76E+00
TCGA-64-5815-01A-01D-1625-08	3.10E+00	1.39E+00	2.97E+00
TCGA-67-3770-01A-01D-0969-08	3.04E+00	1.25E+00	3.11E+00
TCGA-67-3770-01A-01W-0928-08	4.50E+00	2.34E+00	4.28E+00
TCGA-67-3771-01A-01D-1040-01	7.82E+00	8.25E+00	7.91E+00
TCGA-67-3771-01A-01W-0928-08	8.01E+00	7.12E+00	9.29E+00
TCGA-67-3773-01A-01D-1040-01	2.50E+00	9.68E-01	2.68E+00
TCGA-67-3774-01A-01D-1040-01	2.58E+00	1.85E+00	2.06E+00
TCGA-67-3774-01A-01W-0928-08	2.07E+00	1.33E+00	1.86E+00
TCGA-67-4679-01B-01D-1753-08	2.72E+00	1.09E+00	2.69E+00
TCGA-67-6215-01A-11D-1753-08	3.00E-01	1.12E+00	1.14E+00
TCGA-67-6216-01A-11D-1753-08	9.09E-01	1.19E+00	1.50E+00
TCGA-67-6217-01A-11D-1753-08	2.72E+00	1.63E+00	3.01E+00
TCGA-69-7760-01A-11D-2167-08	1.78E+00	1.73E+00	1.68E+00
TCGA-69-7764-01A-11D-2167-08	2.14E+00	1.00E+00	2.70E+00
TCGA-69-7765-01A-11D-2167-08	4.25E+00	3.26E+00	2.12E+00
TCGA-69-7973-01A-11D-2184-08	2.66E+00	2.22E+00	2.48E+00
TCGA-69-7974-01A-11D-2184-08	5.67E+00	3.32E+00	3.72E+00
TCGA-69-7978-01A-11D-2184-08	4.79E+00	4.26E+00	5.66E+00
TCGA-69-8253-01A-11D-2284-08	2.03E+00	1.92E+00	2.26E+00
TCGA-69-8254-01A-11D-2284-08	1.73E+00	9.66E-01	1.69E+00
TCGA-69-8255-01A-11D-2284-08	5.43E+00	2.00E+00	5.35E+00
TCGA-69-A59K-01A-11D-A25L-08	4.28E+00	2.55E+00	4.30E+00
TCGA-71-6725-01A-11D-1855-08	9.52E-01	1.18E+00	1.18E+00
TCGA-71-8520-01A-11D-2393-08	1.59E+00	2.06E+00	2.18E+00
TCGA-73-4658-01A-01D-1753-08	3.71E+00	3.69E+00	2.75E+00
TCGA-73-4659-01A-01D-1265-08	3.26E+00	1.86E+00	2.75E+00
TCGA-73-4662-01A-01D-1265-08	2.80E+00	1.71E+00	2.75E+00
TCGA-73-4670-01A-01D-1265-08	4.10E+00	2.05E+00	5.48E+00
TCGA-73-4675-01A-01D-1265-08	2.04E+00	9.46E-01	1.77E+00
TCGA-73-4676-01A-01D-1753-08	2.45E+00	1.15E+00	2.03E+00
TCGA-73-4677-01A-01D-1265-08	3.55E+00	1.51E+00	2.99E+00
TCGA-73-7498-01A-12D-2184-08	2.37E+00	1.50E+00	1.61E+00
TCGA-75-5122-01A-01D-1753-08	2.30E+00	2.03E+00	2.75E+00
TCGA-75-5125-01A-01D-1753-08	2.73E+00	3.18E+00	2.50E+00
TCGA-75-5126-01A-01D-1753-08	4.55E+00	2.96E+00	3.36E+00
TCGA-75-5146-01A-01D-1625-08	2.28E+00	1.92E+00	2.54E+00
TCGA-75-5147-01A-01D-1625-08	1.12E+00	9.04E-01	1.33E+00
TCGA-75-6203-01A-11D-1753-08	2.13E-01	0.00E+00	2.13E-01
TCGA-75-6205-01A-11D-1753-08	1.09E+00	6.90E-01	1.10E+00
TCGA-75-6206-01A-11D-1753-08	1.71E+00	1.29E+00	2.24E+00
TCGA-75-6207-01A-11D-1753-08	1.14E+00	1.25E+00	1.65E+00
TCGA-75-6211-01A-11D-1753-08	3.34E+00	2.80E+00	3.27E+00
TCGA-75-6214-01A-41D-1945-08	7.82E+00	6.33E+00	4.57E+00
TCGA-75-7025-01A-12D-1945-08	0.00E+00	8.84E-01	8.84E-01
TCGA-75-7027-01A-11D-1945-08	3.26E+00	2.57E+00	3.28E+00
TCGA-75-7030-01A-11D-1945-08	4.22E-01	2.00E-01	4.48E-01
TCGA-78-7145-01A-11D-2036-08	2.93E+00	1.73E+00	1.96E+00
TCGA-78-7146-01A-11D-2036-08	3.57E+00	3.23E+00	3.08E+00
TCGA-78-7147-01A-11D-2036-08	5.27E+00	2.03E+00	4.76E+00
TCGA-78-7148-01A-11D-2036-08	5.67E+00	1.83E+00	4.54E+00
TCGA-78-7149-01A-11D-2036-08	2.03E+00	2.16E+00	1.69E+00
TCGA-78-7150-01A-21D-2036-08	4.18E+00	2.75E+00	4.72E+00
TCGA-78-7152-01A-11D-2036-08	3.61E+00	2.37E+00	1.74E+00
TCGA-78-7153-01A-11D-2036-08	1.92E+00	1.50E+00	2.09E+00
TCGA-78-7154-01A-11D-2036-08	2.42E+00	2.72E+00	2.79E+00
TCGA-78-7155-01A-11D-2036-08	1.12E+01	3.71E+00	1.00E+01
TCGA-78-7160-01A-11D-2036-08	2.06E+00	1.54E+00	2.05E+00
TCGA-78-7161-01A-11D-2036-08	4.40E+00	2.26E+00	4.45E+00
TCGA-78-7162-01A-21D-2063-08	2.43E+00	1.79E+00	2.46E+00
TCGA-78-7163-01A-12D-2063-08	8.56E-01	2.13E-01	8.79E-01
TCGA-78-7166-01A-12D-2063-08	3.58E+00	1.41E+00	3.49E+00
TCGA-78-7167-01A-11D-2063-08	2.71E+00	1.84E+00	2.65E+00
TCGA-78-7220-01A-11D-2036-08	6.97E+00	7.86E+00	7.19E+00
TCGA-78-7535-01A-11D-2063-08	1.95E+00	1.02E+00	1.65E+00
TCGA-78-7536-01A-11D-2063-08	4.77E+00	2.24E+00	4.87E+00
TCGA-78-7539-01A-11D-2063-08	4.52E+00	5.17E+00	4.69E+00
TCGA-78-7540-01A-11D-2063-08	1.10E+00	3.35E-01	1.15E+00
TCGA-78-7542-01A-21D-2063-08	4.08E+00	2.69E+00	4.11E+00
TCGA-78-7633-01A-11D-2063-08	2.77E+00	1.45E+00	3.31E+00
TCGA-78-8640-01A-11D-2393-08	5.72E+00	3.96E+00	6.25E+00
TCGA-78-8648-01A-11D-2393-08	5.54E-01	4.73E-01	6.99E-01
TCGA-78-8655-01A-11D-2393-08	3.55E+00	8.09E-01	3.20E+00
TCGA-78-8662-01A-11D-2393-08	1.04E+01	3.78E+00	1.01E+01
TCGA-80-5607-01A-31D-1945-08	1.00E-01	1.57E+00	1.57E+00
TCGA-80-5608-01A-31D-1945-08	2.09E+00	1.73E+00	1.71E+00
TCGA-80-5611-01A-01D-1625-08	3.57E+00	1.39E+00	3.32E+00
TCGA-83-5908-01A-21D-2284-08	5.10E+00	4.58E+00	3.82E+00
TCGA-86-6562-01A-11D-1753-08	1.14E+00	1.22E+00	1.63E+00
TCGA-86-6851-01A-11D-1945-08	4.10E+00	3.57E+00	4.95E+00
TCGA-86-7701-01A-11D-2167-08	2.92E+00	1.07E+00	2.91E+00
TCGA-86-7711-01A-11D-2063-08	3.74E+00	2.54E+00	1.75E+00
TCGA-86-7713-01A-11D-2063-08	2.59E+00	1.87E+00	2.35E+00
TCGA-86-7954-01A-11D-2184-08	3.08E+00	2.61E+00	3.27E+00
TCGA-86-7955-01A-11D-2184-08	3.85E+00	4.20E+00	3.66E+00
TCGA-86-8055-01A-11D-2238-08	7.00E-01	1.19E+00	1.39E+00
TCGA-86-8056-01A-11D-2238-08	3.22E+00	5.08E+00	3.10E+00
TCGA-86-8073-01A-11D-2238-08	7.80E+00	4.68E+00	6.88E+00
TCGA-86-8074-01A-11D-2238-08	2.02E+00	1.74E+00	2.39E+00
TCGA-86-8075-01A-11D-2238-08	7.81E-01	9.33E-01	1.19E+00
TCGA-86-8076-01A-31D-2238-08	1.17E+00	1.44E+00	1.77E+00
TCGA-86-8279-01A-11D-2284-08	5.21E+00	2.96E+00	3.68E+00
TCGA-86-8280-01A-11D-2284-08	1.75E+00	9.91E-01	1.82E+00
TCGA-86-8281-01A-11D-2284-08	3.30E+00	1.31E+00	3.28E+00
TCGA-86-8359-01A-11D-2323-08	1.56E+00	2.23E+00	2.62E+00
TCGA-86-8585-01A-11D-2393-08	8.24E+00	4.58E+00	6.97E+00
TCGA-86-8668-01A-11D-2393-08	7.37E-01	1.01E+00	1.09E+00
TCGA-86-8671-01A-11D-2393-08	1.43E+00	9.94E-01	1.88E+00
TCGA-86-8672-01A-21D-2393-08	4.68E+00	2.96E+00	4.33E+00
TCGA-86-8673-01A-11D-2393-08	6.71E+00	2.62E+00	5.08E+00
TCGA-86-8674-01A-21D-2393-08	2.79E+00	2.19E+00	2.72E+00
TCGA-86-A456-01A-11D-A24D-08	5.37E+00	2.87E+00	3.48E+00
TCGA-86-A4JF-01A-11D-A24P-08	4.40E+00	4.51E+00	5.74E+00
TCGA-86-A4P7-01A-11D-A24P-08	1.77E+00	1.02E+00	2.35E+00
TCGA-91-6828-01A-11D-1855-08	2.34E+00	2.38E+00	1.99E+00
TCGA-91-6829-01A-21D-1855-08	7.38E+00	3.99E+00	7.15E+00
TCGA-91-6830-01A-11D-1945-08	2.20E+00	3.42E+00	2.11E+00
TCGA-91-6831-01A-11D-1855-08	4.31E+00	1.15E+00	5.07E+00
TCGA-91-6835-01A-11D-1855-08	1.45E+00	1.37E+00	1.27E+00
TCGA-91-6836-01A-21D-1855-08	6.16E+00	2.43E+00	4.78E+00
TCGA-91-6840-01A-11D-1945-08	1.36E+00	1.19E+00	1.66E+00
TCGA-91-6847-01A-11D-1945-08	1.32E+00	2.10E+00	2.30E+00
TCGA-91-6848-01A-11D-1945-08	3.57E+00	3.61E+00	3.96E+00
TCGA-91-6849-01A-11D-1945-08	2.91E+00	1.91E+00	2.76E+00
TCGA-91-7771-01A-11D-2167-08	3.45E+00	2.13E+00	2.89E+00
TCGA-91-A4BC-01A-11D-A24D-08	4.27E+00	3.55E+00	3.75E+00
TCGA-91-A4BD-01A-11D-A24D-08	0.00E+00	5.62E-01	5.62E-01
TCGA-93-7347-01A-11D-2184-08	1.91E+00	1.50E+00	1.26E+00
TCGA-93-7348-01A-21D-2036-08	2.17E+00	1.93E+00	2.38E+00
TCGA-93-8067-01A-11D-2284-08	4.35E+00	4.44E+00	2.10E+00
TCGA-93-8067-01C-01D-A38P-08	2.55E+00	2.80E+00	5.54E-01
TCGA-93-8067-01D-01D-A38P-08	2.87E+00	2.99E+00	1.58E+00
TCGA-93-A4JO-01A-21D-A24P-08	2.25E+00	1.72E+00	2.38E+00
TCGA-93-A4JP-01A-11D-A24P-08	1.31E+00	2.16E+00	1.44E+00
TCGA-93-A4JP-01D-01D-A38P-08	1.57E+00	2.06E+00	2.01E+00
TCGA-93-A4JP-01E-01D-A38P-08	1.96E+00	1.81E+00	2.56E+00
TCGA-95-7039-01A-11D-1945-08	7.37E+00	6.17E+00	3.72E+00
TCGA-95-7043-01A-11D-1945-08	7.28E+00	3.36E+00	6.29E+00
TCGA-95-7562-01A-11D-2238-08	4.44E+00	1.98E+00	4.09E+00
TCGA-95-7567-01A-11D-2063-08	6.83E+00	2.48E+00	7.82E+00
TCGA-95-7944-01A-11D-2184-08	1.79E+00	3.55E+00	2.24E+00
TCGA-95-7947-01A-11D-2184-08	7.82E+00	5.09E+00	7.72E+00
TCGA-95-7948-01A-11D-2184-08	0.00E+00	1.40E+00	1.40E+00
TCGA-95-8494-01A-11D-2323-08	1.85E+00	1.55E+00	1.28E+00
TCGA-95-A4VK-01A-11D-A25L-08	3.93E+00	2.19E+00	2.65E+00
TCGA-95-A4VN-01A-11D-A25L-08	3.96E+00	2.93E+00	3.26E+00
TCGA-97-7547-01A-11D-2036-08	2.44E+00	3.13E+00	2.54E+00
TCGA-97-7552-01A-11D-2036-08	1.33E+00	3.06E-01	1.28E+00
TCGA-97-7553-01A-21D-2036-08	9.52E-01	7.30E-01	8.79E-01
TCGA-97-7554-01A-11D-2036-08	4.32E+00	2.01E+00	4.19E+00
TCGA-97-7938-01A-11D-2167-08	5.83E+00	3.06E+00	4.24E+00
TCGA-97-8171-01A-11D-2284-08	1.22E+00	1.01E+00	1.23E+00
TCGA-97-8174-01A-11D-2284-08	2.65E+00	1.44E+00	2.82E+00
TCGA-97-8175-01A-11D-2284-08	1.58E+00	1.20E+00	1.70E+00
TCGA-97-8177-01A-11D-2284-08	1.12E+00	5.63E-01	1.45E+00
TCGA-97-8552-01A-11D-2393-08	9.24E-01	7.64E-01	9.64E-01
TCGA-97-A4LX-01A-11D-A24P-08	1.97E+00	8.43E-01	1.63E+00
TCGA-97-A4M0-01A-11D-A24P-08	5.22E+00	3.42E+00	3.99E+00
TCGA-97-A4M1-01A-11D-A24P-08	1.42E+00	1.32E+00	1.32E+00
TCGA-97-A4M3-01A-11D-A24P-08	3.79E+00	2.83E+00	3.12E+00
TCGA-97-A4M6-01A-11D-A24P-08	6.74E-01	1.35E+00	1.61E+00
TCGA-97-A4M7-01A-11D-A24P-08	3.88E+00	1.96E+00	3.35E+00
TCGA-99-7458-01A-11D-2036-08	3.75E+00	2.43E+00	4.31E+00
TCGA-99-8025-01A-11D-2238-08	3.60E+00	5.43E+00	3.68E+00
TCGA-99-8028-01A-11D-2238-08	3.70E+00	1.76E+00	2.83E+00
TCGA-99-8033-01A-11D-2238-08	3.39E+00	2.47E+00	3.34E+00
TCGA-99-AA5R-01A-11D-A397-08	8.14E-01	5.33E-01	8.09E-01
TCGA-J2-8192-01A-11D-2238-08	1.95E+00	1.42E+00	2.08E+00
TCGA-J2-8194-01A-11D-2238-08	2.63E+00	1.09E+00	2.35E+00
TCGA-J2-A4AD-01A-11D-A24D-08	4.02E+00	3.99E+00	5.56E+00
TCGA-J2-A4AE-01A-21D-A24D-08	3.06E-01	1.13E+00	1.29E+00
TCGA-J2-A4AG-01A-11D-A24D-08	1.42E+00	1.48E+00	1.42E+00
TCGA-L4-A4E5-01A-11D-A24P-08	2.51E+00	2.34E+00	1.48E+00
TCGA-L4-A4E6-01A-11D-A24D-08	2.49E-01	4.00E-01	2.77E-01
TCGA-L9-A443-01A-12D-A24D-08	3.00E+00	1.87E+00	3.13E+00
TCGA-L9-A50W-01A-12D-A397-08	1.17E+00	1.07E+00	1.37E+00
TCGA-L9-A5IP-01A-21D-A397-08	3.67E+00	2.19E+00	4.37E+00
TCGA-L9-A743-01A-43D-A397-08	2.83E+00	2.39E+00	1.51E+00
TCGA-L9-A7SV-01A-11D-A397-08	6.70E+00	3.90E+00	6.48E+00
TCGA-L9-A8F4-01A-11D-A397-08	6.24E+00	4.72E+00	5.52E+00
TCGA-MN-A4N1-01A-11D-A24P-08	4.28E+00	2.77E+00	2.55E+00
TCGA-MN-A4N4-01A-12D-A24P-08	9.25E+00	5.71E+00	4.86E+00
TCGA-MN-A4N5-01A-11D-A24P-08	5.35E+00	2.28E+00	4.45E+00
TCGA-MP-A4SV-01A-11D-A24P-08	3.83E+00	4.06E+00	2.61E+00
TCGA-MP-A4SW-01A-21D-A24P-08	1.75E+00	1.40E+00	1.68E+00
TCGA-MP-A4T2-01A-11D-A24P-08	2.69E+00	1.65E+00	3.13E+00
TCGA-MP-A4T4-01A-11D-A25L-08	3.53E+00	2.20E+00	2.30E+00
TCGA-MP-A4T6-01A-32D-A25L-08	1.16E+00	2.41E+00	1.65E+00
TCGA-MP-A4T7-01A-11D-A24P-08	2.81E+00	8.95E-01	2.75E+00
TCGA-MP-A4T8-01A-11D-A24P-08	2.62E+00	1.49E+00	2.81E+00
TCGA-MP-A4T9-01A-11D-A24P-08	9.24E-01	1.31E+00	1.73E+00
TCGA-MP-A4TA-01A-21D-A24P-08	5.50E+00	3.22E+00	4.82E+00
TCGA-MP-A4TC-01A-11D-A24P-08	2.59E+00	2.64E+00	2.77E+00
TCGA-MP-A4TD-01A-32D-A25L-08	2.08E+00	1.10E+00	2.58E+00
TCGA-MP-A4TE-01A-22D-A25L-08	3.39E+00	5.47E-01	3.16E+00
TCGA-MP-A4TF-01A-11D-A25L-08	4.47E+00	1.51E+00	4.54E+00
TCGA-MP-A4TH-01A-31D-A25L-08	3.24E+00	1.29E+00	2.92E+00
TCGA-MP-A4TK-01A-11D-A24P-08	3.03E+00	2.17E+00	2.92E+00
TCGA-NJ-A4YF-01A-12D-A25L-08	6.19E+00	3.47E+00	5.64E+00
TCGA-NJ-A4YP-01A-11D-A25L-08	6.52E+00	6.26E+00	3.34E+00
TCGA-NJ-A4YQ-01A-11D-A25L-08	4.85E+00	2.24E+00	5.58E+00
TCGA-NJ-A55R-01A-11D-A25L-08	3.50E+00	1.59E+00	3.14E+00
TCGA-NJ-A7XG-01A-12D-A397-08	1.01E+00	4.42E-01	1.17E+00
TCGA-O1-A52J-01A-11D-A25L-08	2.97E+00	1.29E+00	3.38E+00
TCGA-S2-AA1A-01A-12D-A397-08	2.56E+00	1.03E+00	2.04E+00
