Samples	SBS96A	SBS96B	SBS96C	SBS96D	SBS96E	SBS96F
TCGA-4N-A93T-01A-11D-A36X-10	2	27	6	9	19	37
TCGA-5M-AAT4-01A-11D-A40P-10	35	56	15	1	0	73
TCGA-5M-AAT5-01A-21D-A40P-10	7	35	6	0	0	27
TCGA-5M-AAT6-01A-11D-A40P-10	605	582	0	35	677	0
TCGA-5M-AATA-01A-31D-A40P-10	13	42	2	8	0	16
TCGA-5M-AATE-01A-11D-A40P-10	13	56	7	4	2	60
TCGA-A6-2671-01A-01D-1408-10	18	33	4	5	0	26
TCGA-A6-2672-01B-03D-2298-08	357	102	0	56	640	0
TCGA-A6-2675-01A-02D-1719-10	13	56	1	0	3	28
TCGA-A6-2677-01A-01D-A270-10	0	62	3	21	17	40
TCGA-A6-2677-01B-02D-A270-10	2	52	2	24	13	39
TCGA-A6-2678-01A-01D-1953-10	1	7	2	7	0	8
TCGA-A6-2679-01A-02D-1408-10	39	52	0	18	0	49
TCGA-A6-2681-01A-01D-1408-10	0	66	4	2	39	44
TCGA-A6-2682-01A-01D-1408-10	0	13	0	19	16	32
TCGA-A6-2683-01A-01D-1953-10	0	17	0	0	12	9
TCGA-A6-2684-01A-01D-A270-10	6	45	0	10	2	54
TCGA-A6-2684-01C-08D-A270-10	8	44	0	11	0	42
TCGA-A6-2685-01A-01D-1408-10	0	17	2	2	8	24
TCGA-A6-2686-01A-01D-1408-10	982	557	6	55	328	97
TCGA-A6-3807-01A-01W-0995-10	0	9	0	22	0	73
TCGA-A6-3808-01A-01W-0995-10	36	42	3	11	0	50
TCGA-A6-3810-01A-01D-A270-10	0	46	0	13	28	83
TCGA-A6-4105-01A-02D-1771-10	41	59	2	0	0	72
TCGA-A6-4107-01A-02D-1408-10	8	73	10	0	35	69
TCGA-A6-5656-01A-21D-1835-10	0	63	0	13	2	26
TCGA-A6-5656-01A-21D-A270-10	0	71	0	14	7	18
TCGA-A6-5657-01A-01D-1650-10	0	42	2	15	3	63
TCGA-A6-5659-01A-01D-1650-10	0	63	10	22	41	63
TCGA-A6-5659-01A-01D-A270-10	0	73	12	21	42	64
TCGA-A6-5659-01B-04D-A270-10	0	44	8	30	34	69
TCGA-A6-5660-01A-01D-1650-10	3	63	3	9	14	36
TCGA-A6-5661-01A-01D-1650-10	612	413	23	14	82	52
TCGA-A6-5662-01A-01D-1650-10	5	16	0	11	0	28
TCGA-A6-5664-01A-21D-1835-10	0	19	6	0	16	10
TCGA-A6-5665-01A-01D-1650-10	701	309	0	60	598	0
TCGA-A6-5666-01A-01D-1650-10	0	46	11	4	12	19
TCGA-A6-5667-01A-21D-1719-10	0	15	0	7	11	35
TCGA-A6-6138-01A-11D-1771-10	4	35	1	7	16	53
TCGA-A6-6142-01A-11D-1771-10	0	25	0	2	17	36
TCGA-A6-6649-01A-11D-1771-10	15	44	4	4	4	45
TCGA-A6-6651-01A-21D-1835-10	10	22	0	0	3	52
TCGA-A6-6652-01A-11D-1771-10	7	19	0	1	21	37
TCGA-A6-6653-01A-11D-1771-10	297	420	0	4	324	26
TCGA-A6-6654-01A-21D-1835-10	0	155	6	0	0	39
TCGA-A6-6782-01A-11D-1835-10	13	25	14	14	0	83
TCGA-A6-A567-01A-31D-A28G-10	0	20	5	7	13	18
TCGA-A6-A56B-01A-31D-A28G-10	1	57	2	9	0	28
TCGA-A6-A5ZU-01A-11D-A28G-10	24	40	3	10	0	26
TCGA-AA-3489-01A-21D-1835-10	0	18	12	8	6	55
TCGA-AA-3492-01A-01D-1408-10	1087	476	0	97	384	0
TCGA-AA-3494-01A-01D-1408-10	0	39	2	0	12	38
TCGA-AA-3495-01A-01D-1408-10	8	58	8	2	0	48
TCGA-AA-3496-01A-21D-1835-10	7	50	6	6	0	28
TCGA-AA-3502-01A-01D-1408-10	2	106	3	35	5	49
TCGA-AA-3506-01A-01D-2188-10	0	93	3	14	20	39
TCGA-AA-3509-01A-01D-1408-10	0	50	0	5	1	37
TCGA-AA-3511-01A-21D-1835-10	0	19	4	18	25	48
TCGA-AA-3514-01A-02D-1953-10	0	24	2	0	3	2
TCGA-AA-3517-01A-01D-1953-10	0	6	0	0	0	9
TCGA-AA-3519-01A-02D-1953-10	7	6	0	12	0	1
TCGA-AA-3520-01A-01D-1953-10	3	17	1	0	7	0
TCGA-AA-3521-01A-01D-1953-10	0	8	3	0	2	2
TCGA-AA-3522-01A-01W-0831-10	0	6	2	3	7	7
TCGA-AA-3524-01A-02D-1953-10	0	3	0	1	1	8
TCGA-AA-3529-01A-02D-1953-10	0	13	0	0	0	8
TCGA-AA-3530-01A-01W-0995-10	0	45	4	0	13	34
TCGA-AA-3532-01A-01D-1953-10	0	1	0	3	11	3
TCGA-AA-3534-01A-01D-1953-10	1	18	0	0	3	9
TCGA-AA-3538-01A-01D-1953-10	3	4	0	0	0	9
TCGA-AA-3544-01A-01D-1953-10	6	10	0	6	0	3
TCGA-AA-3548-01A-01D-1953-10	0	15	0	2	4	2
TCGA-AA-3549-01A-02D-1953-10	2	6	0	2	8	0
TCGA-AA-3561-01A-01D-1953-10	0	12	0	0	1	4
TCGA-AA-3655-01A-02D-1719-10	28	33	0	5	0	21
TCGA-AA-3660-01A-01D-1719-10	22	37	3	19	0	42
TCGA-AA-3662-01A-01D-1719-10	0	30	6	0	13	34
TCGA-AA-3663-01A-01D-1719-10	988	0	0	0	897	0
TCGA-AA-3664-01A-01W-0900-09	0	63	0	10	35	51
TCGA-AA-3666-01A-02W-0900-09	31	21	9	5	36	85
TCGA-AA-3667-01A-01W-0900-09	24	14	0	3	0	26
TCGA-AA-3672-01A-01W-0900-09	1080	266	0	63	251	6
TCGA-AA-3673-01A-01W-0900-09	2	38	4	0	6	23
TCGA-AA-3675-01A-02W-0900-09	0	52	3	3	0	42
TCGA-AA-3678-01A-01W-0900-09	0	36	2	9	3	21
TCGA-AA-3679-01A-02W-0900-09	4	31	0	0	0	39
TCGA-AA-3680-01A-01W-0900-09	0	49	5	23	10	22
TCGA-AA-3681-01A-01W-0900-09	0	62	2	4	18	40
TCGA-AA-3685-01A-02W-0900-09	0	33	4	4	4	42
TCGA-AA-3688-01A-01W-0900-09	0	17	8	2	18	30
TCGA-AA-3693-01A-01W-0900-09	5	26	0	0	14	115
TCGA-AA-3696-01A-01W-0900-09	10	33	9	0	4	35
TCGA-AA-3697-01A-01D-1719-10	15	39	6	11	8	125
TCGA-AA-3712-01A-21D-1719-10	9	0	15	10	0	125
TCGA-AA-3713-01A-21D-1719-10	572	301	9	10	0	47
TCGA-AA-3812-01A-01W-0900-09	0	32	2	18	31	35
TCGA-AA-3814-01A-01W-0900-09	6	47	10	0	8	36
TCGA-AA-3815-01A-01W-0995-10	197	125	0	25	531	0
TCGA-AA-3818-01A-01W-0900-09	11	43	15	9	6	68
TCGA-AA-3831-01A-01W-0900-09	10	37	6	19	1	32
TCGA-AA-3833-01A-01W-0900-09	309	180	0	0	119	0
TCGA-AA-3841-01A-01W-0900-09	0	34	4	0	0	37
TCGA-AA-3842-01A-01W-0995-10	0	26	0	9	23	43
TCGA-AA-3844-01A-01W-0995-10	0	10	0	5	34	79
TCGA-AA-3845-01A-01D-1981-10	388	235	15	21	309	0
TCGA-AA-3845-01A-01W-0995-10	348	157	14	32	335	0
TCGA-AA-3846-01A-01W-0995-10	4	27	2	8	0	56
TCGA-AA-3848-01A-01W-0900-09	0	62	0	9	17	70
TCGA-AA-3851-01A-01W-0995-10	0	38	0	6	32	16
TCGA-AA-3855-01A-01W-0995-10	3	56	7	0	13	66
TCGA-AA-3856-01A-01W-0900-09	0	24	0	9	0	29
TCGA-AA-3858-01A-01W-0900-09	0	30	0	7	5	20
TCGA-AA-3860-01A-02W-0900-09	0	6	0	2	22	23
TCGA-AA-3861-01A-01W-0995-10	0	63	6	3	11	38
TCGA-AA-3862-01A-01W-0995-10	15	22	7	0	4	48
TCGA-AA-3864-01A-01D-1981-10	1305	1538	10	26	0	0
TCGA-AA-3866-01A-01W-0995-10	7	54	0	11	4	46
TCGA-AA-3867-01A-01W-0995-10	0	32	5	1	7	53
TCGA-AA-3869-01A-01W-0995-10	4	23	0	18	7	27
TCGA-AA-3870-01A-01W-0995-10	16	51	5	5	5	44
TCGA-AA-3875-01A-01W-0900-09	2	47	1	18	1	60
TCGA-AA-3930-01A-01W-0995-10	19	16	3	26	0	143
TCGA-AA-3939-01A-01W-0995-10	0	38	0	16	3	62
TCGA-AA-3941-01A-01W-0995-10	4	47	1	10	7	42
TCGA-AA-3952-01A-01W-0995-10	0	22	4	0	11	55
TCGA-AA-3955-01A-02W-0995-10	0	18	5	0	17	93
TCGA-AA-3956-01A-02W-0995-10	0	35	0	12	31	54
TCGA-AA-3967-01A-01W-1073-09	13	45	6	0	1	91
TCGA-AA-3968-01A-01W-0995-10	0	43	8	6	13	57
TCGA-AA-3971-01A-01W-0995-10	0	17	0	7	11	53
TCGA-AA-3972-01A-01W-0995-10	0	23	0	11	15	45
TCGA-AA-3977-01A-01D-1981-10	314	86	2854	1390	0	0
TCGA-AA-3977-01A-01W-0995-10	139	114	2419	1233	0	0
TCGA-AA-3979-01A-01W-0995-10	24	34	4	10	9	69
TCGA-AA-3980-01A-02W-0995-10	3	37	4	12	3	44
TCGA-AA-3982-01A-02W-0995-10	11	35	2	20	0	57
TCGA-AA-3984-01A-02D-1981-10	0	95	2051	3387	0	119
TCGA-AA-3984-01A-02W-0995-10	0	55	1842	2859	0	158
TCGA-AA-3986-01A-02W-0995-10	0	46	10	0	6	30
TCGA-AA-3989-01A-01W-0995-10	24	43	5	0	12	31
TCGA-AA-A004-01A-01W-A00E-09	10	27	1	0	2	29
TCGA-AA-A00O-01A-02W-A00E-09	3	18	1	1	29	35
TCGA-AA-A00Z-01A-01D-A17O-10	0	4	0	0	5	2
TCGA-AA-A010-01A-01D-A17O-10	1484	304	4549	2476	0	0
TCGA-AA-A010-01A-01W-A00E-09	1060	255	4412	2168	0	0
TCGA-AA-A017-01A-01W-A00E-09	0	18	0	3	0	30
TCGA-AA-A01C-01A-01W-A00E-09	0	21	5	0	10	41
TCGA-AA-A01I-01A-02W-A00E-09	11	43	9	4	0	44
TCGA-AA-A01K-01A-01W-A00E-09	13	9	4	0	26	87
TCGA-AA-A01P-01A-21D-A17O-10	355	239	1	32	213	0
TCGA-AA-A01P-01A-21W-A096-10	153	114	4	26	221	39
TCGA-AA-A01S-01A-21W-A096-10	8	24	4	0	2	25
TCGA-AA-A01T-01A-21W-A096-10	0	20	1	5	10	60
TCGA-AA-A01V-01A-23W-A096-10	18	42	6	16	0	42
TCGA-AA-A01X-01A-21W-A096-10	0	29	4	0	15	25
TCGA-AA-A01Z-01A-11W-A096-10	0	40	1	6	19	29
TCGA-AA-A022-01A-21D-A17O-10	671	593	2	59	153	0
TCGA-AA-A022-01A-21W-A096-10	543	450	4	59	189	16
TCGA-AA-A024-01A-02W-A00E-09	6	32	1	5	6	29
TCGA-AA-A029-01A-01W-A00E-09	0	28	7	6	9	35
TCGA-AA-A02E-01A-01W-A00E-09	1	22	4	5	44	86
TCGA-AA-A02H-01A-01W-A00E-09	6	19	6	10	4	28
TCGA-AA-A02J-01A-01W-A00E-09	5	14	8	26	6	68
TCGA-AA-A02K-01A-21W-A096-10	20	34	1	9	20	55
TCGA-AA-A02O-01A-21W-A096-10	0	72	0	8	27	58
TCGA-AA-A02R-01A-01W-A00E-09	426	134	0	6	488	10
TCGA-AA-A02W-01A-01W-A00E-09	15	38	2	0	4	36
TCGA-AA-A02Y-01A-43W-A096-10	0	31	7	21	6	47
TCGA-AA-A03J-01A-21W-A096-10	0	27	2	13	25	34
TCGA-AD-6548-01A-11D-1835-10	0	42	1	4	29	53
TCGA-AD-6888-01A-11D-1924-10	10	61	0	14	9	11
TCGA-AD-6889-01A-11D-1924-10	840	296	0	9	484	9
TCGA-AD-6890-01A-11D-1924-10	0	68	7	0	0	36
TCGA-AD-6895-01A-11D-1924-10	776	349	0	147	13	451
TCGA-AD-6901-01A-11D-1924-10	27	60	12	29	30	112
TCGA-AD-6963-01A-11D-1924-10	10	26	0	0	9	30
TCGA-AD-6964-01A-11D-1924-10	882	0	0	57	565	119
TCGA-AD-6965-01A-11D-1924-10	17	59	6	5	6	40
TCGA-AD-A5EJ-01A-11D-A28G-10	763	230	23	0	381	41
TCGA-AD-A5EK-01A-11D-A28G-10	17	31	4	0	0	52
TCGA-AM-5820-01A-01D-1650-10	6	32	6	0	0	22
TCGA-AU-3779-01A-01D-1719-10	7	52	11	0	0	44
TCGA-AU-6004-01A-11D-1719-10	298	291	0	42	263	0
TCGA-AY-4071-01A-01W-1073-09	0	16	0	18	19	68
TCGA-AY-5543-01A-01D-1650-10	4	45	9	5	23	33
TCGA-AY-6197-01A-11D-1719-10	410	0	0	28	634	0
TCGA-AY-6386-01A-21D-1719-10	0	46	0	11	23	32
TCGA-AY-A54L-01A-11D-A28G-10	29	31	5	14	9	60
TCGA-AY-A69D-01A-11D-A36X-10	0	76	14	23	22	72
TCGA-AY-A71X-01A-12D-A36X-10	8	44	1	15	0	18
TCGA-AY-A8YK-01A-11D-A40P-10	24	32	2	4	5	12
TCGA-AZ-4308-01A-01D-1408-10	0	8	0	15	17	28
TCGA-AZ-4313-01A-01D-1408-10	46	1021	0	0	111	0
TCGA-AZ-4315-01A-01D-1408-10	136	80	2399	4462	135	0
TCGA-AZ-4614-01A-01D-1408-10	0	38	0	2	66	85
TCGA-AZ-4615-01A-01D-1408-10	342	216	0	22	394	0
TCGA-AZ-4681-01A-01D-1408-10	0	30	0	2	10	37
TCGA-AZ-5403-01A-01D-1650-10	10	17	9	7	0	34
TCGA-AZ-5407-01A-01D-1719-10	9	47	7	0	0	39
TCGA-AZ-6598-01A-11D-1771-10	1413	565	0	89	108	0
TCGA-AZ-6599-01A-11D-1771-10	11	0	0	46	0	206
TCGA-AZ-6600-01A-11D-1771-10	2	47	12	5	17	59
TCGA-AZ-6601-01A-11D-1771-10	930	1133	5	0	281	33
TCGA-AZ-6603-01A-11D-1835-10	0	25	1	17	9	23
TCGA-AZ-6605-01A-11D-1835-10	5	18	0	22	26	33
TCGA-AZ-6606-01A-11D-1835-10	2	49	4	0	14	72
TCGA-AZ-6608-01A-11D-1835-10	16	21	1	8	22	82
TCGA-CA-5254-01A-21D-1835-10	20	84	2	0	18	79
TCGA-CA-5255-01A-11D-1835-10	5	9	1	7	5	17
TCGA-CA-5256-01A-01D-1408-10	1	44	4	0	15	16
TCGA-CA-5797-01A-01D-1650-10	2	10	0	3	7	44
TCGA-CA-6715-01A-21D-1835-10	0	30	7	8	16	22
TCGA-CA-6718-01A-11D-1835-10	0	0	2873	1005	0	39
TCGA-CA-6719-01A-11D-1835-10	0	54	7	11	26	16
TCGA-CK-4948-01B-11D-1650-10	9	48	2	0	10	39
TCGA-CK-5912-01A-11D-1650-10	9	22	0	7	0	19
TCGA-CK-5913-01A-11D-1650-10	234	243	0	0	308	0
TCGA-CK-5914-01A-11D-1650-10	21	57	6	10	0	48
TCGA-CK-5915-01A-11D-1650-10	0	42	0	0	30	16
TCGA-CK-5916-01A-11D-1650-10	511	411	0	0	463	0
TCGA-CK-6746-01A-11D-1835-10	578	155	0	32	359	0
TCGA-CK-6747-01A-11D-1835-10	2	72	1	19	0	32
TCGA-CM-4743-01A-01D-1719-10	429	280	0	0	374	31
TCGA-CM-4744-01A-01D-1408-10	0	66	11	1	19	52
TCGA-CM-4746-01A-01D-1408-10	287	418	17	0	0	0
TCGA-CM-4747-01A-01D-1408-10	19	49	1	0	0	31
TCGA-CM-4751-01A-02D-1835-10	24	51	0	0	0	19
TCGA-CM-4752-01A-01D-1408-10	0	59	5	10	32	25
TCGA-CM-5341-01A-01D-1408-10	0	70	0	0	17	74
TCGA-CM-5348-01A-21D-1719-10	4	54	0	42	2	85
TCGA-CM-5349-01A-21D-1719-10	0	52	0	18	15	19
TCGA-CM-5860-01A-01D-1650-10	0	43	3	11	16	44
TCGA-CM-5861-01A-01D-1650-10	707	48	0	50	607	0
TCGA-CM-5862-01A-01D-1650-10	6	45	2	0	8	30
TCGA-CM-5864-01A-01D-1650-10	35	24	7	20	26	95
TCGA-CM-5868-01A-01D-1650-10	12	28	6	3	24	27
TCGA-CM-6161-01A-11D-1650-10	0	34	1	0	22	42
TCGA-CM-6163-01A-11D-1650-10	0	38	1	10	9	48
TCGA-CM-6164-01A-11D-1650-10	4	17	1	17	10	27
TCGA-CM-6165-01A-11D-1650-10	27	24	6	0	0	52
TCGA-CM-6166-01A-11D-1650-10	28	24	5	7	0	20
TCGA-CM-6167-01A-11D-1650-10	0	38	4	0	10	27
TCGA-CM-6168-01A-11D-1650-10	43	43	1	10	41	82
TCGA-CM-6169-01A-11D-1650-10	11	48	5	0	11	37
TCGA-CM-6170-01A-11D-1650-10	7	29	0	5	9	48
TCGA-CM-6171-01A-11D-1650-10	338	445	0	0	358	30
TCGA-CM-6172-01A-11D-1650-10	5	34	2	19	0	46
TCGA-CM-6674-01A-11D-1835-10	280	347	0	5	197	0
TCGA-CM-6675-01A-11D-1835-10	9	26	1	0	2	40
TCGA-CM-6676-01A-11D-1835-10	15	45	1	18	0	25
TCGA-CM-6677-01A-11D-1835-10	23	70	12	4	0	33
TCGA-CM-6678-01A-11D-1835-10	0	71	0	0	22	51
TCGA-CM-6679-01A-11D-1835-10	26	23	0	2	0	16
TCGA-CM-6680-01A-11D-1835-10	0	36	0	17	5	32
TCGA-D5-5537-01A-21D-1924-10	19	35	6	9	0	35
TCGA-D5-5538-01A-01D-1650-10	0	23	0	7	51	35
TCGA-D5-5540-01A-01D-1650-10	0	57	2	11	0	49
TCGA-D5-5541-01A-01D-1650-10	0	27	0	8	6	23
TCGA-D5-6529-01A-11D-1771-10	5	50	5	14	19	20
TCGA-D5-6530-01A-11D-1719-10	394	340	0	0	256	0
TCGA-D5-6531-01A-11D-1719-10	0	87	11	12	8	72
TCGA-D5-6532-01A-11D-1719-10	5	39	7	15	0	58
TCGA-D5-6533-01A-11D-1719-10	0	30	3	28	31	85
TCGA-D5-6535-01A-11D-1719-10	12	35	13	9	2	105
TCGA-D5-6536-01A-11D-1719-10	22	36	0	6	3	30
TCGA-D5-6537-01A-11D-1719-10	0	41	10	7	27	27
TCGA-D5-6538-01A-11D-1719-10	30	67	0	12	0	38
TCGA-D5-6539-01A-11D-1719-10	6	24	5	9	14	41
TCGA-D5-6541-01A-11D-1719-10	0	56	0	0	22	18
TCGA-D5-6898-01A-11D-1924-10	6	38	7	0	0	31
TCGA-D5-6920-01A-11D-1924-10	17	43	1	5	0	48
TCGA-D5-6922-01A-11D-1924-10	15	46	0	10	0	36
TCGA-D5-6924-01A-11D-1924-10	0	38	5	3	26	68
TCGA-D5-6926-01A-11D-1924-10	0	41	0	5	18	48
TCGA-D5-6927-01A-21D-1924-10	295	78	0	7	271	0
TCGA-D5-6931-01A-11D-1924-10	53	27	5	36	44	157
TCGA-D5-6932-01A-11D-1924-10	9	32	12	0	16	63
TCGA-DM-A0X9-01A-11D-A152-10	10	56	8	28	5	84
TCGA-DM-A0XD-01A-12D-A152-10	18	60	5	18	0	70
TCGA-DM-A0XF-01A-11D-A152-10	0	2	3	18	30	78
TCGA-DM-A1D0-01A-11D-A152-10	0	40	3	6	12	63
TCGA-DM-A1D4-01A-21D-A152-10	12	101	12	0	12	50
TCGA-DM-A1D8-01A-11D-A152-10	20	32	6	15	20	70
TCGA-DM-A1D9-01A-11D-A152-10	0	24	7	8	23	72
TCGA-DM-A1DA-01A-11D-A152-10	61	49	12	10	0	165
TCGA-DM-A1DB-01A-11D-A152-10	2	22	2	5	4	26
TCGA-DM-A1HA-01A-11D-A152-10	15	63	7	0	5	60
TCGA-DM-A28C-01A-11D-A16V-10	9	41	4	0	0	48
TCGA-DM-A28E-01A-11D-A16V-10	0	21	5	6	34	16
TCGA-DM-A28F-01A-11D-A16V-10	44	27	16	20	2	139
TCGA-DM-A28G-01A-11D-A16V-10	8	46	1	7	23	44
TCGA-DM-A28H-01A-11D-A16V-10	19	33	4	11	0	53
TCGA-DM-A28M-01A-12D-A16V-10	9	46	1	8	0	29
TCGA-F4-6459-01A-11D-1771-10	0	18	0	24	23	62
TCGA-F4-6460-01A-11D-1771-10	15	31	11	16	12	71
TCGA-F4-6461-01A-11D-1771-10	33	39	3	11	5	58
TCGA-F4-6569-01A-11D-1771-10	0	25	11	12	17	56
TCGA-F4-6570-01A-11D-1771-10	799	353	9	67	211	168
TCGA-F4-6805-01A-11D-1835-10	3	29	2	0	18	19
TCGA-F4-6806-01A-11D-1835-10	3	54	6	2	6	37
TCGA-F4-6807-01A-11D-1835-10	20	8	10	1	32	102
TCGA-F4-6808-01A-11D-1835-10	0	61	5	2	17	53
TCGA-F4-6854-01A-11D-1924-10	3	13	0	10	26	67
TCGA-F4-6855-01A-11D-1924-10	9	34	4	7	0	55
TCGA-G4-6293-01A-11D-1719-10	7	37	7	5	12	54
TCGA-G4-6294-01A-11D-1806-10	45	31	4	11	0	69
TCGA-G4-6295-01A-11D-1719-10	12	26	1	17	26	69
TCGA-G4-6297-01A-11D-1719-10	0	33	3	17	14	22
TCGA-G4-6298-01A-11D-1719-10	0	43	5	0	3	26
TCGA-G4-6299-01A-11D-1771-10	32	40	4	16	1	70
TCGA-G4-6303-01A-11D-1771-10	0	50	9	8	9	30
TCGA-G4-6304-01A-11D-1924-10	427	180	0	29	180	58
TCGA-G4-6306-01A-11D-1771-10	27	50	5	3	6	33
TCGA-G4-6307-01A-11D-1719-10	11	22	8	10	0	27
TCGA-G4-6309-01A-21D-1835-10	164	403	0	0	180	1
TCGA-G4-6310-01A-11D-1719-10	9	49	4	12	0	36
TCGA-G4-6311-01A-11D-1719-10	10	42	9	0	16	75
TCGA-G4-6314-01A-11D-1719-10	15	72	7	7	2	48
TCGA-G4-6315-01A-11D-1719-10	14	62	10	0	0	66
TCGA-G4-6317-01A-11D-1719-10	0	49	4	3	8	43
TCGA-G4-6317-02A-11D-2067-10	30	33	8	5	0	55
TCGA-G4-6320-01A-11D-1719-10	346	474	24	14	21	180
TCGA-G4-6321-01A-11D-1719-10	0	23	2	6	3	29
TCGA-G4-6323-01A-11D-1719-10	24	34	1	0	0	28
TCGA-G4-6586-01A-11D-1771-10	364	360	0	8	360	0
TCGA-G4-6588-01A-11D-1771-10	1122	223	0	17	661	0
TCGA-G4-6625-01A-21D-1771-10	4	33	0	4	10	61
TCGA-G4-6626-01A-11D-1771-10	10	75	0	0	0	55
TCGA-G4-6627-01A-11D-2188-10	2	39	6	0	4	38
TCGA-G4-6628-01A-11D-1835-10	1337	408	33	0	0	165
TCGA-NH-A50T-01A-11D-A28G-10	0	70	5	24	13	36
TCGA-NH-A50V-01A-11D-A28G-10	23	78	13	0	0	56
TCGA-NH-A6GA-01A-11D-A36X-10	0	30	2	9	6	44
TCGA-NH-A6GB-01A-11D-A36X-10	9	55	3	11	12	76
TCGA-NH-A8F7-06A-31D-A40P-10	0	49	6	15	7	33
TCGA-NH-A8F8-01A-72D-A40P-10	9	46	0	0	0	50
TCGA-QG-A5YV-01A-11D-A28G-10	24	67	9	7	0	64
TCGA-QG-A5YW-01A-11D-A28G-10	14	47	12	4	30	55
TCGA-QG-A5YX-01A-11D-A28G-10	0	56	5	0	13	22
TCGA-QG-A5Z2-01A-11D-A28G-10	476	306	6	14	186	51
TCGA-QL-A97D-01A-12D-A40P-10	46	63	20	13	11	81
TCGA-SS-A7HO-01A-21D-A36X-10	16	57	6	0	12	81
TCGA-T9-A92H-01A-11D-A36X-10	37	42	7	2	0	98
