MutationType	SBS96A	SBS96B	SBS96C	SBS96D	SBS96E	SBS96F	SBS96G	SBS96H	SBS96I
A[C>A]A	1.8026885300059803e-06	0.002201278862048639	0.0004226194681905326	0.0	0.0003037678194232285	0.003125534817809239	0.030868584010750055	0.012051542522385716	0.0023515634005889297
A[C>A]C	0.00046524506469722835	0.0	0.0015061809797771275	0.0005369102815166116	0.0010887007971177808	0.005811813182663173	0.03146354448981583	0.0156812317436561	0.013127608853392304
A[C>A]G	8.471871842630207e-06	0.0	7.519363206540675e-05	0.0	2.256124769104417e-05	0.002765204667230137	0.00898241945542395	0.0022874426571029005	0.0020309937526064915
A[C>A]T	0.0025678281555883585	0.00011342577636241913	0.0059823657909873875	0.00017607453046366572	0.0024695440724116224	0.024745387118309738	0.009831281087826937	0.004792829189682379	0.007452178827952594
A[C>G]A	0.0005620789088425227	0.0009917259027133695	0.0003737015838851221	0.0008117686025798321	0.00013272163923829793	0.0020671280653914437	0.003981594450306147	0.004736616415902973	0.006946899881586433
A[C>G]C	8.140121353790164e-05	0.0006309464253718034	0.00017850435239710193	0.0006984071776969358	0.00196805268060416	0.00038214255764614793	0.0056467163827591095	0.013314964389428497	0.0016740784670219
A[C>G]G	0.00026160172510572013	2.4886695973691532e-05	5.055555257058586e-05	0.0	0.00023777909809723495	6.134752184152603e-05	0.0030262538453030173	0.0025743147474713624	0.0017440557123336476
A[C>G]T	0.000355896426481195	6.911515665706248e-05	5.552353977691382e-05	0.0003303595796751324	0.004766645189374685	0.0007332575529289898	0.005504059791564942	0.018571478268131613	0.0026743904687464236
A[C>T]A	0.027238690480589866	0.0025196237082127483	0.0005136673673405312	0.0014695190213387832	0.01125636154320091	0.006095047628696193	0.013734378293156624	0.005751858942676336	0.03349673038756009
A[C>T]C	0.020103059615939854	0.005609494430245832	0.0021883768029510977	0.004463129420764744	0.00567480220051948	0.013690523989498615	0.006146002793684602	0.01674076830968261	0.036440559476613996
A[C>T]G	0.04564555315300822	0.2864955186843872	0.005392002733424306	0.017664979491382838	0.06458146497607231	0.06821330338716507	0.0994887612760067	0.05475135054439306	0.03325253443326801
A[C>T]T	0.014504612609744071	0.00010187956504523755	0.003554123904177686	0.003155408643215196	0.002664620051059677	0.011949233245104551	0.020353388914372772	0.0049547144211828705	0.019820248987525702
A[T>A]A	0.0004094760282896459	0.0004983973311027512	0.0006653175223618746	6.731619578204118e-05	0.0006645899760428619	2.885272551793605e-05	0.0013491009536664932	0.00655043195001781	0.00456826848684997
A[T>A]C	0.004750620643608272	0.00013133364263921975	0.0003676948239444755	0.00019537269545253367	0.0012736956501612439	0.0003410712059121579	0.003548858722206205	0.009649137686938047	0.009066465220530517
A[T>A]G	0.00024829836038406936	5.360358758252914e-05	0.00018796854092215654	0.00016127407143358142	0.0008189892279915512	6.682495004497468e-05	0.002608368309768139	0.005786496470682323	0.007051283118448737
A[T>A]T	0.004042404075153172	0.0007523360745835816	0.002706069208215922	0.0006165563827380538	0.004352049896260724	0.0022700168017763646	0.006360370689071715	0.001495176571956003	0.009285779623314738
A[T>C]A	0.0003749160096049309	0.0010017142178185168	0.004126355901826173	0.006765718408860266	0.03305221442133188	0.0011369597166776657	0.007067683734931052	0.006020128598902374	0.006107752094976604
A[T>C]C	0.0014263514196502258	0.002167642879066989	0.0025262446491979063	0.010016018245369195	0.030725975707173347	0.005948985763825476	0.004425635008374229	0.0009616332652512937	0.005247379865613766
A[T>C]G	0.007264176265834976	0.0006924734985148007	0.004636201681569219	0.0005601795215625316	0.07291506826877595	0.0005921441172318965	0.0013750385260209441	0.006118731742026285	0.005530235045375776
A[T>C]T	2.8025969286496343e-46	0.0009407038716744865	0.00557898833649233	0.0007899615084170364	0.010922326240688562	0.00043162239308003336	0.014539670757949352	0.006075463257730007	0.013648492121137678
A[T>G]A	1.8476722470950335e-05	7.4222175044269536e-06	0.0015988332637789427	0.0008151762740453705	0.0003510304028168321	0.0005462074710521847	0.001604948440217413	0.001808049127873801	0.003738616854747079
A[T>G]C	2.8754490631399677e-05	0.0	0.005366840097121894	0.00032351505411725156	0.004534439742565155	0.0029700852566747924	0.0009160412533674389	0.002405672956047056	0.0015257069505224762
A[T>G]G	0.0	0.0008072587810602272	0.0012534484652860557	0.00019941469945479185	0.0008282668743049726	0.002331082429736853	0.0030390046536922454	0.0012736072414554656	0.0017295996367465705
A[T>G]T	3.59731464413926e-05	8.371089243155438e-05	0.015837494377046825	0.007934392325114458	0.0018865251286342755	0.012656014040112495	0.0005710918814874066	0.0032665325590187423	0.0038248851196840405
C[C>A]A	0.015823375526815654	0.0016066061885794624	0.0032820982160046697	0.0015322990795539227	0.002930906682740897	0.005975553952157498	0.03598518054932356	0.00787877021357417	0.005504284310160812
C[C>A]C	0.03078288407996297	0.0004532491921054316	0.0001590630126884207	0.002008367929374799	0.01065603914122093	0.010709726550703635	0.01798740429803729	0.000990023004123941	0.0004311018623411655
C[C>A]G	0.012115134485065937	0.0012474629468243847	0.0005033799253396865	0.0	0.008394385210704059	0.003065830637933686	0.005868061422370374	0.0015698937097994303	0.0014317854984255973
C[C>A]T	0.09601000472903251	0.0	0.015365639887750148	0.002244753448803749	0.023726370493614014	0.04236793046375169	1.1821219914054382e-07	0.0	0.0
C[C>G]A	0.0	7.321454877455836e-05	0.0	0.00010498196072639132	1.0091051899507875e-05	0.0	0.009046051220502704	0.006452363892458379	0.002935515215755391
C[C>G]C	3.151716955471784e-05	4.252315832786735e-09	0.0	0.0001812044731195783	0.00022493395663332195	0.0013005900436837692	0.006766997157319566	0.009238969052694302	2.865282837660743e-08
C[C>G]G	0.0001216512442624662	0.00048579900953242826	0.00011465828646173293	0.0	1.999293453991413e-05	0.0	0.005576921894680708	0.0024455805735698276	0.0007722541226524271
C[C>G]T	0.0	0.00032925796536247275	9.408955302205868e-05	0.000265142930547313	0.0007079743954818696	0.0	0.009324937872588635	0.011466540396213531	0.0023044493049383164
C[C>T]A	0.01169625110924244	0.003098332486115396	0.001192255096975714	0.002570594270946458	0.0007902113226009533	0.0023219350725412367	0.019758908124640585	0.01300523434765637	0.055781358666718
C[C>T]C	0.020329949306324126	0.0006708442280341842	0.0010335374841815791	0.0026403468451462685	0.0017182539450004697	0.0033455924247391524	0.021850761771202088	0.01285256298724562	0.051200941344723104
C[C>T]G	0.046873810001125095	0.25044665932655336	0.0030305324238725007	0.013548978147368019	0.05357203930616379	0.039906229358166456	0.11053808224387467	0.06544898301362992	0.01962505473566125
C[C>T]T	0.014253383595496416	0.0010764038691136201	0.003249426686670631	0.0028282802551984785	0.005742139846552164	0.005365010481909849	0.021535230334848166	0.016942749498412013	0.0415420095436275
C[T>A]A	1.4012984643248171e-46	0.00010065348099601579	0.00016411766555393114	6.400820766430115e-05	0.0008087564783636481	0.00020017981660203077	0.002115830569528043	0.006419257478472673	0.004601643630303442
C[T>A]C	0.004002210451290011	0.00032530118987779134	0.00011725239019142464	0.00039114132996473925	0.002141715737525374	0.002817393880104646	0.0025108012137934565	0.010393343761097639	0.004242072231136262
C[T>A]G	0.0009047157931490801	0.000380110865989991	8.243877964559942e-05	6.845856551080942e-05	0.0023466572631150482	0.006491878489032388	0.00462981362361461	0.022405974566936493	0.0017487838631495833
C[T>A]T	0.001430000910477247	6.759727839380502e-05	0.0001627605699468404	0.0	0.0013381764118093997	0.008642198500456288	0.006621411597706128	0.020225447680348906	0.001684910476453183
C[T>C]A	0.0013753358656089175	4.9852598070287965e-05	0.00016199219826376065	0.0007842038580292865	0.0283754366915673	0.0004467388675038819	0.002089567366999745	0.005968623352237046	0.003995082626813584
C[T>C]C	0.004052415722981095	0.0006432122027035803	0.0009855044714640825	0.0019169638748280705	0.027226520888507365	0.008600264927372337	0.008523400500416755	0.00790277230553329	0.009792954858858139
C[T>C]G	0.0036158308765117083	0.0029696149463006804	0.0029264446464367213	0.0	0.1135220244526863	0.003144508635159582	0.0	0.003597426787018776	0.002779110101295146
C[T>C]T	0.0012586352182552218	0.0008181596815120429	0.0004984877858078107	0.0015228089760057628	0.024786648561712355	0.003587170405080542	0.0071009633655194195	0.02065754127688706	0.011042576760519295
C[T>G]A	0.0	1.604594144737348e-05	0.0030784265603870154	0.0006465210695751012	0.0013789396383799613	0.0007533811000030255	0.0018652172811783885	0.001344579599356166	0.0008897559706390723
C[T>G]C	0.002599134773481637	0.0014925146650057286	0.0004505559278186411	0.002383150812238455	0.010706391488201916	0.0029309207224287094	0.0004679522127844393	0.006288220779970289	0.002005715842824429
C[T>G]G	0.0007983526898897253	0.0014597100438550115	0.0029531980864703654	0.0030381777323782444	0.015238052047789098	0.0018173436168581248	0.00334922963520512	0.007952982699498535	0.003923373715952039
C[T>G]T	0.0021687983651645483	0.000268342476192629	0.01848500850610435	0.008675413951277734	0.015446751471608877	0.01980986800044775	0.0009071824373677373	0.03300389796495438	0.011242794059216975
G[C>A]A	0.0013183049930376	0.0012532044135468822	0.0012327944219578057	0.0012344518618192524	0.003133629052899778	0.0024756541184615343	0.069850779697299	0.006070820987224579	0.011628497764468193
G[C>A]C	0.005852405284531415	0.0006832232524175197	0.0022753070283215494	0.0041366276913322505	0.00742748754855711	0.009888718649744988	0.025817566830664874	0.014292139164172112	0.006380163459107279
G[C>A]G	0.0014868890575598925	0.00040003323374548927	0.0001373497329041129	0.000633621135057183	0.0026341493910877036	0.0005932934029260651	0.014086318574845791	0.005077134739258327	0.004061359819024802
G[C>A]T	0.014276016131043434	0.0032290473263856256	0.007876221975311636	0.0052090743090957405	0.010572573632816783	0.037616568803787234	0.02737220828421414	0.01272740112617612	0.002803741121897474
G[C>G]A	0.00024273151648230852	0.0005009233194869011	0.00040053246193565427	8.569667697884142e-05	0.00019312441581860186	0.0007014169212197884	0.004841359937563539	0.004219482140615583	0.002068012929521501
G[C>G]C	0.0028777092113159595	0.0015353530936408788	9.408807527506724e-05	0.0012815728317946196	0.003517440869472921	0.005114445008803159	0.003103183986968361	0.011488909367471933	0.0011988746933639049
G[C>G]G	0.00032782388589112086	0.0002344132577320579	0.0	0.0	0.0002473440666733495	0.0	0.0019032127456739545	0.0013382014105445706	0.0007787423730519576
G[C>G]T	0.0009907394822221249	0.00046934703505030484	0.0002482615876942873	0.0009146487238467671	7.308656349778176e-05	0.001345401971047977	0.00697800163179636	0.00961256199516356	0.003394064481835812
G[C>T]A	0.0776346180588007	0.003208112297579646	0.0019212739076465367	0.005905452219303697	0.003936082497239113	0.01666831582551822	0.006908428779570386	0.014524611402885057	0.01570555174257606
G[C>T]C	0.1283939376473427	0.0026248242676956577	0.012523610307835043	0.04551601931452751	0.014745724922977394	0.0353986382484436	0.0004268773831427097	0.0005835159856360406	0.024112142529338597
G[C>T]G	0.22362232953310013	0.269651260972023	0.01304263984784484	0.1295532539486885	4.527869003203113e-27	0.08482848480343819	0.007959869457408786	0.1263497557491064	0.025196892011445017
G[C>T]T	0.07121225707232952	0.0008769604668486863	0.015231866342946886	0.04577922075986862	0.01899857553653419	0.03321522418409586	0.007471289020031691	0.010570540092885494	0.00857471050694585
G[T>A]A	0.00043207953385717703	1.0050939454231412e-05	7.605339305882808e-05	7.032929606793914e-05	0.00144090519825113	0.0008123095816699788	0.0007755410857498646	0.00580837199522648	0.003219069755868986
G[T>A]C	0.004022626846563071	0.0	0.0	6.771928419766483e-05	0.0024125994212226944	0.002653618191834539	0.0022847286505566443	0.004072238254593685	0.006784946340030728
G[T>A]G	0.0014802651243854825	0.00023855690378695726	0.0	0.0	0.002992647036444396	0.0014049386156330002	0.001212523551657796	0.008367868792265653	0.004216950475512249
G[T>A]T	0.0017748188751284034	1.7465834127960987e-05	0.00025327668627141977	3.7095692823641004e-05	0.00131345551180857	0.0018920353264547884	0.0014704380373473213	0.006008335156366229	0.007048456324264407
G[T>C]A	0.0011945183709030972	2.13882522075437e-05	0.007212843000888825	0.02303309105336666	0.07780980467796325	0.0034417324590322097	0.0	0.0	0.01233751254986828
G[T>C]C	0.0029575697878044594	0.0001784240361303091	0.0063557131587913315	0.041859309375286105	0.037443098798394206	0.021188944607274607	0.001002084370702505	0.0006543290335685014	0.007839273437275552
G[T>C]G	0.00018007162259436882	0.0	0.004894228186458349	0.011646038107573985	0.0797512762248516	0.004169609772883121	0.0	0.0	0.0028886295745905954
G[T>C]T	0.000807473692111671	0.0	0.008240968710742891	0.029596218653023244	0.03438272569328547	0.005060612922534347	0.0022145458613522353	0.002712645541168968	0.009530662756878883
G[T>G]A	0.0	5.0638336688280106e-05	1.5323956176871434e-06	0.0029850709950551392	0.0	0.0017148592858575284	0.0017198935027408879	0.001973230370629153	0.0007070129718314888
G[T>G]C	0.0005883424513740465	0.00014442139242341057	0.002293246184126474	0.003805794275831431	0.001709261727228295	0.0030000390950590374	0.0004943655920214951	0.0006446734652854503	0.001702945347642526
G[T>G]G	0.00022845515049993992	0.0005278024313156493	0.001030763283779379	0.0018642549024662004	0.001343387976521626	0.004687571153044701	0.0026326075894758105	0.008553565107285976	0.001932830736041069
G[T>G]T	0.0005392477110945038	0.0	0.005705491406843066	0.0019866743559418865	0.006784893129952252	0.009378682216629386	0.0005767682334408164	0.009511460037901997	0.0034215327352285383
T[C>A]A	0.00010790143278427422	0.0003331619591335766	0.062423115596175194	0.002184732025489211	0.00017932011105585842	0.0024688868550587855	0.03925930541008711	0.0124041952425614	0.02174602487875745
T[C>A]C	0.003510080266278237	0.0020217441131535454	0.011869886144995689	0.0007686627621296793	0.004097046155948192	0.012262887408724055	0.026622299500741065	0.022432093042880297	0.006558539642719552
T[C>A]G	0.000442662084242329	0.0001552171730253349	0.002892282686661929	0.00011757452157326042	0.0015996313944924624	0.003618093891418539	0.014036713433802816	0.005128312841407023	0.005655292049050331
T[C>A]T	0.001690668282299157	8.160410516211414e-08	0.39170607924461365	0.010236920313045062	0.0002825348887853352	0.18661655554374193	0.0	1.1024593504771474e-07	1.853839307841554e-07
T[C>G]A	3.366660384926945e-05	0.0002280578355645879	2.7646541056469685e-09	0.0002000609594652758	5.751344644977508e-09	5.024339699843949e-09	0.00910675951745361	0.015368214389309288	0.012233944925100104
T[C>G]C	0.0002290844189701602	0.00025833234044796426	0.0	0.0	0.00020577433024300263	0.0	0.006395871110726148	0.016202203137800096	0.007868157767370576
T[C>G]G	3.8506547571159897e-05	0.00010372438349932622	1.3089669094146217e-05	1.2350758638035586e-09	2.304968365933746e-05	0.0009733044433232862	0.0030640040601639384	0.005096118774963543	0.001000032359030456
T[C>G]T	3.654828444012992e-05	1.630469803615142e-08	0.0	0.0	0.00015676113835070283	0.0004176722373813391	0.017143362388014793	0.046455791662447156	0.004713610433105942
T[C>T]A	0.0073026217287406325	0.0011479518319240933	0.0017899218830280006	0.0078042078297585245	0.0012096205959096552	0.0013332720147445798	0.02250659530982375	0.02422127855825238	0.07769570765085518
T[C>T]C	0.013136782683432102	0.0002752381609752774	0.008696370525285602	0.03664766568690538	0.0011414221470225528	0.0101298572961241	0.010168536845594645	0.007374893873929977	0.07644063751213252
T[C>T]G	0.00019920307677239179	0.1307463027536869	0.14424219578504563	0.3589359104633331	0.01899271570147849	0.0944137830287218	0.021625200298149138	8.407790785948902e-46	0.026562113286672684
T[C>T]T	0.0040621878841193395	0.0002515106229111552	0.017686982452869416	0.0615663081407547	0.0	0.01857090452685952	0.010437158495187759	0.0035790537483990194	0.05996024293131104
T[T>A]A	0.0005012258072383702	0.0	0.0003680816867927206	7.663772521482314e-07	0.0001666137081429042	0.0018756356264930218	0.0021822483511641623	0.009209666875899103	0.0021851303696166723
T[T>A]C	0.00032459560681168397	4.586881041177548e-05	0.0004433597183378879	0.0001852698958828114	0.0004836392676224932	0.002826698534772731	0.0031163284322246907	0.010668601383804344	0.0058794549200683836
T[T>A]G	4.446719540283084e-05	3.728422486375394e-05	8.0328334843216e-05	0.00019242119160480797	0.00104823611327447	0.002212629123823717	0.00303461643634364	0.006078925263136625	0.0021432237343105955
T[T>A]T	3.58645775122568e-06	1.4365565128837687e-05	0.002572066313587129	0.0009556415810948238	0.00015463187010027467	0.005165482079610229	0.00750719967763871	0.010188911249861122	0.0047582660452462735
T[T>C]A	0.005432081504084769	0.0013371181790716945	0.002333673209795961	0.004595113609684631	0.009862770093604922	0.002917209230508888	0.0023479650350054725	0.0067678055260330435	0.005114383558975533
T[T>C]C	0.007720270566642285	6.133776041679084e-05	0.0063071033451706175	0.01125107929110527	0.013122740853577852	0.012075555929914116	0.0032294774195179344	0.006629370851442218	0.004264962673187256
T[T>C]G	0.008606895664726116	0.0017348240013234316	0.006608174555003643	0.0019968924403656273	0.015868640691041946	0.005397203739266843	0.002944268344435841	0.002072744368342683	0.001732478360645473
T[T>C]T	0.0030112322769127787	0.000691584002925083	0.010560711286962033	0.0006884551432449371	0.007960850792005657	0.0038345302571542563	0.007441023970022798	0.003680004458874464	0.007005202572327107
T[T>G]A	1.1226145346654448e-08	6.201245348336215e-08	0.006470007891766727	0.0022089151665568353	6.542872554291535e-05	0.0	0.0014432183903551276	0.005661727925790672	0.003953976170546625
T[T>G]C	0.00028346305825834863	0.00032444513781229036	0.005783192827720995	0.011485540936701	3.7124129448784517e-06	0.002642343915067613	0.0007944232588897648	0.006617456825915724	0.004467184946418001
T[T>G]G	0.00020195874822093174	0.00040290674223797396	0.002715363900642842	0.0010966373734305535	0.0012095151061657817	0.0004363318890682422	0.0036376118659973145	0.006323148030787706	0.003350698621943593
T[T>G]T	0.0	0.0	0.10015482609160245	0.024512723384782477	5.007221716368804e-07	2.8025969286496343e-46	3.40278165822383e-07	0.0006056855454062316	0.015364077614608363
