MutationType	SBS96A	SBS96B	SBS96C	SBS96D	SBS96E	SBS96F	SBS96G	SBS96H	SBS96I
A[C>A]A	1.80E-06	3.55E-04	1.32E-04	0.00E+00	1.49E-04	1.34E-03	3.94E-03	2.23E-03	8.25E-04
A[C>A]C	1.57E-04	0.00E+00	4.88E-04	1.58E-04	3.32E-04	1.92E-03	4.91E-03	2.10E-03	4.51E-03
A[C>A]G	8.47E-06	0.00E+00	4.95E-05	0.00E+00	2.25E-05	1.84E-03	1.87E-03	1.17E-03	1.32E-03
A[C>A]T	6.02E-04	1.13E-04	2.49E-03	1.59E-04	7.17E-04	6.55E-03	1.84E-03	1.27E-03	1.83E-03
A[C>G]A	1.52E-04	1.91E-04	1.21E-04	1.20E-04	9.20E-05	1.22E-03	9.37E-04	9.93E-04	1.87E-03
A[C>G]C	8.14E-05	1.95E-04	8.41E-05	1.72E-04	2.09E-04	3.40E-04	1.74E-03	2.33E-03	1.19E-03
A[C>G]G	7.77E-05	2.11E-05	2.06E-05	0.00E+00	1.22E-04	6.13E-05	9.11E-04	8.51E-04	7.18E-04
A[C>G]T	1.12E-04	4.74E-05	3.73E-05	6.07E-05	3.65E-04	5.03E-04	2.04E-03	3.06E-03	1.86E-03
A[C>T]A	3.32E-03	7.77E-04	2.34E-04	4.29E-04	2.40E-03	6.08E-03	2.91E-03	1.75E-03	6.75E-03
A[C>T]C	1.21E-03	1.20E-03	1.19E-03	6.60E-04	1.20E-03	9.91E-04	2.76E-03	3.56E-03	6.27E-03
A[C>T]G	5.94E-03	4.04E-03	1.06E-03	2.78E-03	9.55E-03	1.68E-02	1.04E-02	9.45E-03	1.22E-02
A[C>T]T	1.27E-03	1.02E-04	1.38E-03	6.23E-04	2.00E-03	1.83E-03	2.75E-03	1.76E-03	5.54E-03
A[T>A]A	1.37E-04	1.07E-04	5.78E-05	4.48E-05	2.34E-04	2.89E-05	4.75E-04	1.81E-03	1.86E-03
A[T>A]C	4.67E-04	9.25E-05	1.06E-04	7.22E-05	5.18E-04	1.58E-04	1.38E-03	2.54E-03	2.89E-03
A[T>A]G	1.35E-04	3.87E-05	4.91E-05	8.82E-05	2.40E-04	6.68E-05	1.00E-03	1.49E-03	2.05E-03
A[T>A]T	6.52E-04	3.07E-04	2.40E-04	1.31E-04	5.71E-04	4.69E-04	1.03E-03	7.10E-04	1.22E-03
A[T>C]A	2.28E-04	4.63E-04	8.44E-04	7.65E-04	9.25E-04	8.97E-04	1.49E-03	1.57E-03	1.61E-03
A[T>C]C	5.10E-04	5.10E-04	5.20E-04	5.53E-04	9.52E-04	9.78E-04	9.64E-04	5.63E-04	1.77E-03
A[T>C]G	1.76E-03	4.22E-04	4.85E-04	3.01E-04	3.76E-03	2.92E-04	7.72E-04	4.04E-03	2.51E-03
A[T>C]T	2.80E-46	3.92E-04	6.29E-04	3.62E-04	1.33E-03	1.92E-04	2.36E-03	2.44E-03	3.81E-03
A[T>G]A	1.85E-05	6.95E-06	3.65E-04	2.75E-04	1.26E-04	5.04E-04	6.54E-04	7.40E-04	1.31E-03
A[T>G]C	1.65E-05	0.00E+00	5.14E-04	1.25E-04	4.10E-04	8.76E-04	3.76E-04	7.69E-04	1.03E-03
A[T>G]G	0.00E+00	1.94E-04	3.83E-04	1.12E-04	1.55E-04	8.41E-04	7.19E-04	6.10E-04	7.57E-04
A[T>G]T	3.60E-05	4.25E-05	9.16E-04	1.55E-03	3.74E-04	1.92E-03	5.71E-04	9.88E-04	2.54E-03
C[C>A]A	1.90E-03	6.78E-04	4.55E-04	6.17E-04	1.48E-03	3.60E-03	4.50E-03	2.80E-03	3.05E-03
C[C>A]C	3.58E-03	3.35E-04	8.42E-05	5.05E-04	3.68E-03	7.52E-03	2.86E-03	6.00E-04	4.31E-04
C[C>A]G	1.22E-03	4.97E-04	1.16E-04	0.00E+00	2.00E-03	1.02E-03	1.39E-03	1.53E-03	7.42E-04
C[C>A]T	5.32E-03	0.00E+00	4.55E-03	1.31E-03	8.85E-03	7.64E-03	1.18E-07	0.00E+00	0.00E+00
C[C>G]A	0.00E+00	5.06E-05	0.00E+00	2.89E-05	7.00E-06	0.00E+00	1.64E-03	1.55E-03	1.34E-03
C[C>G]C	3.15E-05	2.87E-09	0.00E+00	6.40E-05	1.19E-04	1.04E-03	1.80E-03	2.37E-03	1.75E-08
C[C>G]G	8.13E-05	1.64E-04	4.05E-05	0.00E+00	2.00E-05	0.00E+00	9.84E-04	8.35E-04	6.09E-04
C[C>G]T	0.00E+00	1.06E-04	5.50E-05	8.94E-05	1.63E-04	0.00E+00	2.62E-03	2.64E-03	2.03E-03
C[C>T]A	1.57E-03	6.55E-04	3.70E-04	3.64E-04	3.45E-04	2.32E-03	5.78E-03	4.72E-03	1.16E-02
C[C>T]C	2.01E-03	3.74E-04	3.75E-04	3.87E-04	9.63E-04	2.30E-03	5.28E-03	3.94E-03	8.89E-03
C[C>T]G	7.08E-03	5.96E-03	1.40E-03	2.56E-03	7.85E-03	1.87E-02	2.49E-02	9.28E-03	5.39E-03
C[C>T]T	8.65E-04	5.66E-04	6.21E-04	6.91E-04	1.39E-03	9.07E-04	3.93E-03	3.08E-03	5.30E-03
C[T>A]A	1.40E-46	7.39E-05	5.89E-05	2.78E-05	2.27E-04	7.16E-05	1.03E-03	1.65E-03	2.19E-03
C[T>A]C	4.12E-04	1.75E-04	5.36E-05	1.23E-04	6.43E-04	1.77E-03	9.37E-04	1.42E-03	1.68E-03
C[T>A]G	3.09E-04	1.98E-04	5.97E-05	3.74E-05	5.87E-04	4.86E-03	1.49E-03	4.72E-03	1.44E-03
C[T>A]T	2.81E-04	6.76E-05	8.55E-05	0.00E+00	4.17E-04	5.03E-03	2.44E-03	4.88E-03	1.33E-03
C[T>C]A	5.27E-04	4.97E-05	1.25E-04	2.15E-04	2.77E-03	3.52E-04	8.29E-04	2.69E-03	2.63E-03
C[T>C]C	7.68E-04	2.65E-04	5.53E-04	3.02E-04	1.31E-03	2.25E-03	2.25E-03	2.88E-03	3.16E-03
C[T>C]G	1.63E-03	8.38E-04	6.62E-04	0.00E+00	2.56E-03	1.13E-03	0.00E+00	3.60E-03	1.25E-03
C[T>C]T	3.29E-04	4.68E-04	1.96E-04	2.92E-04	2.95E-03	2.43E-03	2.63E-03	4.21E-03	5.16E-03
C[T>G]A	0.00E+00	1.60E-05	4.15E-04	2.74E-04	1.93E-04	5.86E-04	3.60E-04	4.01E-04	6.16E-04
C[T>G]C	7.62E-04	4.71E-04	1.58E-04	1.78E-04	1.10E-03	1.76E-03	2.92E-04	1.39E-03	9.83E-04
C[T>G]G	4.13E-04	3.77E-04	4.95E-04	4.61E-04	1.12E-03	9.11E-04	1.43E-03	1.08E-03	2.28E-03
C[T>G]T	4.81E-04	1.22E-04	1.77E-03	1.34E-03	1.49E-03	6.96E-03	6.58E-04	5.80E-03	1.03E-02
G[C>A]A	7.01E-04	6.02E-04	3.72E-04	2.74E-04	1.07E-03	8.60E-04	7.63E-03	4.05E-03	6.43E-03
G[C>A]C	8.32E-04	3.48E-04	4.36E-04	4.75E-04	1.58E-03	3.13E-03	3.25E-03	3.21E-03	1.89E-03
G[C>A]G	3.30E-04	2.14E-04	8.62E-05	1.11E-04	6.43E-04	2.20E-04	1.82E-03	1.95E-03	1.86E-03
G[C>A]T	2.04E-03	7.35E-04	4.63E-03	1.08E-03	1.48E-03	9.06E-03	5.36E-03	4.40E-03	1.78E-03
G[C>G]A	9.15E-05	1.15E-04	1.10E-04	3.87E-05	1.29E-04	1.20E-04	8.11E-04	1.05E-03	1.71E-03
G[C>G]C	5.18E-04	4.07E-04	6.19E-05	2.43E-04	8.33E-04	2.74E-03	1.86E-03	2.72E-03	1.20E-03
G[C>G]G	1.12E-04	1.40E-04	0.00E+00	0.00E+00	1.14E-04	0.00E+00	5.04E-04	6.30E-04	3.77E-04
G[C>G]T	2.15E-04	1.69E-04	7.40E-05	1.22E-04	7.31E-05	5.41E-04	1.82E-03	2.50E-03	1.64E-03
G[C>T]A	5.98E-03	1.73E-03	5.15E-04	9.11E-04	3.94E-03	1.25E-02	3.15E-03	5.92E-03	3.07E-03
G[C>T]C	3.34E-03	1.32E-03	2.04E-03	2.63E-03	4.78E-03	4.47E-03	4.27E-04	4.91E-04	9.20E-03
G[C>T]G	1.48E-02	6.92E-03	4.39E-03	6.49E-03	4.53E-27	1.17E-02	4.93E-03	4.20E-02	6.71E-03
G[C>T]T	2.60E-03	5.33E-04	2.02E-03	1.99E-03	4.26E-03	2.39E-03	3.26E-03	3.69E-03	6.29E-03
G[T>A]A	1.02E-04	1.01E-05	2.36E-05	3.73E-05	3.36E-04	3.94E-04	4.15E-04	1.40E-03	1.25E-03
G[T>A]C	3.84E-04	0.00E+00	0.00E+00	4.33E-05	7.31E-04	1.28E-03	8.66E-04	1.51E-03	3.04E-03
G[T>A]G	3.44E-04	2.39E-04	0.00E+00	0.00E+00	5.77E-04	1.17E-03	6.86E-04	2.15E-03	1.97E-03
G[T>A]T	3.44E-04	1.73E-05	1.61E-04	3.71E-05	5.04E-04	2.62E-04	7.65E-04	1.51E-03	1.83E-03
G[T>C]A	6.48E-04	2.14E-05	1.36E-03	2.01E-03	8.73E-03	1.50E-03	0.00E+00	0.00E+00	1.23E-02
G[T>C]C	9.86E-04	1.78E-04	1.68E-03	2.14E-03	4.38E-03	4.13E-03	7.11E-04	4.44E-04	6.95E-03
G[T>C]G	1.80E-04	0.00E+00	4.19E-04	5.37E-04	2.99E-03	1.09E-03	0.00E+00	0.00E+00	2.89E-03
G[T>C]T	4.69E-04	0.00E+00	1.49E-03	1.49E-03	3.72E-03	2.05E-03	8.26E-04	1.11E-03	5.69E-03
G[T>G]A	0.00E+00	5.06E-05	1.53E-06	2.21E-04	0.00E+00	8.73E-04	5.21E-04	6.41E-04	4.28E-04
G[T>G]C	2.07E-04	7.86E-05	4.67E-04	5.72E-04	4.57E-04	8.14E-04	2.54E-04	3.76E-04	6.08E-04
G[T>G]G	1.56E-04	1.24E-04	4.63E-04	3.08E-04	2.75E-04	1.15E-03	9.23E-04	1.82E-03	8.31E-04
G[T>G]T	2.69E-04	0.00E+00	6.18E-04	7.20E-04	1.02E-03	2.64E-03	5.19E-04	1.46E-03	1.78E-03
T[C>A]A	7.20E-05	1.30E-04	3.60E-03	1.94E-03	1.37E-04	1.36E-03	6.31E-03	4.11E-03	8.05E-03
T[C>A]C	4.54E-04	5.13E-04	6.48E-04	4.66E-04	5.47E-04	4.54E-03	4.49E-03	3.18E-03	2.44E-03
T[C>A]G	2.33E-04	9.65E-05	3.65E-04	7.84E-05	4.24E-04	9.96E-04	2.77E-03	2.70E-03	2.79E-03
T[C>A]T	1.14E-03	5.98E-08	2.43E-02	1.02E-02	2.82E-04	4.41E-02	0.00E+00	1.10E-07	1.85E-07
T[C>G]A	3.37E-05	1.83E-04	2.76E-09	8.31E-05	5.75E-09	5.02E-09	3.67E-03	5.48E-03	6.35E-03
T[C>G]C	9.65E-05	1.33E-04	0.00E+00	0.00E+00	1.21E-04	0.00E+00	2.37E-03	3.46E-03	2.82E-03
T[C>G]G	3.85E-05	5.04E-05	1.31E-05	1.24E-09	2.30E-05	7.98E-04	8.59E-04	1.32E-03	4.38E-04
T[C>G]T	2.58E-05	1.37E-08	0.00E+00	0.00E+00	1.19E-04	4.18E-04	5.49E-03	9.32E-03	3.53E-03
T[C>T]A	1.29E-03	4.48E-04	5.82E-04	1.15E-03	8.48E-04	8.22E-04	6.34E-03	5.37E-03	1.33E-02
T[C>T]C	1.17E-03	1.90E-04	1.79E-03	1.88E-03	6.15E-04	2.14E-03	4.64E-03	3.08E-03	1.22E-02
T[C>T]G	1.99E-04	3.19E-03	1.77E-02	4.69E-03	5.76E-03	2.19E-02	8.72E-03	3.10E-46	1.40E-02
T[C>T]T	9.47E-04	2.52E-04	2.31E-03	1.78E-03	0.00E+00	4.95E-03	4.02E-03	2.43E-03	1.03E-02
T[T>A]A	1.29E-04	0.00E+00	7.91E-05	7.66E-07	1.06E-04	1.30E-03	8.21E-04	1.93E-03	8.54E-04
T[T>A]C	1.38E-04	3.97E-05	1.12E-04	8.20E-05	1.54E-04	1.61E-03	1.07E-03	2.57E-03	2.08E-03
T[T>A]G	4.45E-05	2.77E-05	7.77E-05	5.59E-05	2.44E-04	1.29E-03	8.22E-04	1.31E-03	1.07E-03
T[T>A]T	3.59E-06	1.25E-05	4.87E-04	3.78E-04	1.05E-04	1.39E-03	1.64E-03	2.36E-03	1.24E-03
T[T>C]A	9.84E-04	3.69E-04	4.22E-04	4.60E-04	9.43E-04	1.19E-03	1.43E-03	1.54E-03	2.76E-03
T[T>C]C	3.17E-04	6.13E-05	4.98E-04	8.06E-04	1.12E-03	2.36E-03	1.41E-03	1.22E-03	3.01E-03
T[T>C]G	1.37E-03	5.21E-04	5.99E-04	5.96E-04	1.67E-03	1.79E-03	1.58E-03	9.23E-04	1.12E-03
T[T>C]T	4.57E-04	3.68E-04	8.40E-04	3.85E-04	1.20E-03	7.07E-04	1.64E-03	1.94E-03	2.17E-03
T[T>G]A	1.12E-08	3.72E-08	1.16E-03	9.06E-04	4.91E-05	0.00E+00	9.67E-04	1.43E-03	3.57E-03
T[T>G]C	1.25E-04	1.79E-04	1.36E-03	1.05E-03	3.71E-06	1.11E-03	7.94E-04	1.52E-03	3.48E-03
T[T>G]G	1.08E-04	1.63E-04	4.91E-04	4.15E-04	2.40E-04	3.38E-04	1.32E-03	1.27E-03	1.34E-03
T[T>G]T	0.00E+00	0.00E+00	1.40E-02	1.00E-02	5.01E-07	1.87E-46	3.40E-07	5.99E-04	1.54E-02
